1 0.0174874 0.9825126
0 0.9940801 0.0059197894
1 0.056159537 0.9438405
0 0.7657775 0.23422246
0 0.99647385 0.0035261852
1 0.1473794 0.85262054
0 0.9954561 0.004543855
0 0.9980908 0.001909208
0 0.96520144 0.03479862
0 0.99992144 7.856366e-05
1 0.0030424397 0.99695754
0 0.995621 0.004379001
0 0.9994771 0.00052289525
0 0.99992335 7.666223e-05
0 0.99975723 0.00024277248
0 0.99999654 3.4266488e-06
0 0.99997365 2.6301546e-05
1 0.034897 0.96510303
0 0.996983 0.0030170386
0 0.99881196 0.0011880061
0 0.9878352 0.012164714
0 0.9999423 5.771139e-05
1 4.6652818e-05 0.9999534
0 0.9999728 2.7217782e-05
0 0.9999931 6.959707e-06
0 0.99997044 2.9505103e-05
1 0.0054767444 0.9945233
0 0.9974685 0.002531494
0 0.9935314 0.00646859
1 2.3166656e-05 0.9999769
0 0.9999664 3.3570144e-05
0 0.9999902 9.780507e-06
0 0.9999881 1.1892258e-05
1 0.00032019263 0.9996798
0 0.999985 1.4993343e-05
0 0.99973017 0.0002697884
0 0.99987805 0.00012199322
0 0.8476755 0.15232448
1 0.38315758 0.61684245
1 0.47694936 0.52305067
1 0.0042801853 0.99571985
0 0.99864215 0.0013578947
0 0.9994875 0.0005124586
1 1.3595475e-07 0.9999999
0 0.9999999 1.4806244e-07
0 0.9999999 1.6945778e-07
1 0.0023512645 0.9976488
0 0.99926597 0.00073400536
0 0.87342584 0.12657413
0 0.9994444 0.00055554585
0 0.99238443 0.0076155826
0 0.997635 0.0023649582
0 0.98477614 0.015223882
1 0.00039712206 0.99960285
0 0.99997616 2.3806939e-05
1 0.35865656 0.6413434
1 0.36164686 0.6383531
0 0.52909404 0.47090593
0 0.9813519 0.01864808
1 0.0043461234 0.99565387
0 0.9999629 3.7050635e-05
0 0.99996066 3.9295715e-05
0 0.9998456 0.00015437044
1 0.43440738 0.56559265
0 0.99809057 0.0019093852
0 0.8909776 0.10902233
0 0.998262 0.0017380674
0 0.99988425 0.00011574782
0 0.99770135 0.0022986936
0 0.99939144 0.00060859165
0 0.99994993 5.0041734e-05
0 0.9998617 0.00013828771
0 0.9997043 0.0002956982
1 0.008447312 0.99155265
0 0.9998155 0.00018455391
0 0.99673694 0.003263009
0 0.9998634 0.00013656609
0 0.9999615 3.847694e-05
0 0.9999558 4.4166653e-05
0 0.99989784 0.000102157435
0 0.99999297 7.0578812e-06
0 0.99998057 1.940985e-05
0 0.99998343 1.6531045e-05
1 0.008664526 0.99133545
0 0.99998796 1.2019342e-05
0 0.9999707 2.932356e-05
0 0.9930842 0.006915831
0 0.9965138 0.0034862824
0 0.99938464 0.0006152985
0 0.99513876 0.0048611527
1 0.0011135589 0.9988864
0 0.987926 0.012074047
0 0.9985154 0.001484547
1 1.2427265e-08 1.0
0 0.9999999 1.1752165e-07
0 0.9999999 8.570848e-08
1 0.3398724 0.66012764
0 0.99552417 0.004475806
0 0.99391574 0.006084289
0 0.99972075 0.00027927218
0 0.99976975 0.00023025367
0 0.99851996 0.001480088
0 0.999992 8.004778e-06
1 0.024103524 0.9758965
0 0.99999285 7.1325962e-06
0 0.9999443 5.57172e-05
0 0.99988365 0.00011635679
0 0.9999716 2.838399e-05
0 0.999995 5.0236667e-06
0 0.9999671 3.2958873e-05
0 0.9999827 1.7256634e-05
0 0.99599373 0.004006214
0 0.9999722 2.7737839e-05
0 0.99999774 2.2518473e-06
0 0.999995 5.010614e-06
0 0.99916077 0.00083921157
0 0.99999785 2.1282501e-06
0 0.99999535 4.5968113e-06
0 0.9999931 6.9416637e-06
1 0.14864413 0.8513558
0 0.77125406 0.22874592
0 0.999944 5.6055833e-05
1 0.015574082 0.9844259
0 0.99962986 0.00037018396
0 0.9998281 0.00017192315
0 0.9994815 0.0005185017
0 0.97833055 0.021669533
0 0.92923063 0.07076944
0 0.9806058 0.019394195
0 0.99954 0.00046002123
0 0.99896073 0.0010392666
0 0.9986093 0.0013906261
1 0.0018241971 0.99817586
0 0.9999577 4.2369622e-05
0 0.999785 0.0002149621
1 0.00044923814 0.99955076
0 0.9996836 0.0003163992
0 0.9997849 0.00021513888
0 0.99749655 0.0025034694
1 0.16010273 0.83989733
0 0.68616 0.31384003
0 0.9998572 0.00014283865
0 0.99984217 0.0001578102
0 0.9998404 0.00015964791
0 0.9980172 0.0019827916
0 0.99588615 0.0041138874
0 0.9988998 0.0011001482
0 0.99994755 5.2484742e-05
0 0.99997663 2.3364746e-05
0 0.9995047 0.0004953206
1 2.4988716e-05 0.99997497
0 0.9999957 4.26525e-06
0 0.99999094 9.0902395e-06
0 0.99998 2.004921e-05
1 0.02941846 0.97058153
0 0.9928885 0.0071115703
1 0.14076664 0.8592334
0 0.9253918 0.074608244
0 0.9858046 0.014195383
0 0.9972492 0.0027508447
0 0.99990034 9.966215e-05
1 0.016027147 0.9839729
0 0.9996836 0.00031645232
0 0.9998703 0.00012972395
0 0.99992144 7.8503435e-05
1 3.2811176e-06 0.99999666
0 0.9999964 3.6010697e-06
0 0.9999956 4.455405e-06
1 0.0150859365 0.9849141
0 0.8105108 0.18948919
0 0.9637677 0.03623225
0 0.99976987 0.00023014526
0 0.9910164 0.008983577
0 0.98804575 0.011954294
0 0.99926823 0.0007317781
0 0.99960953 0.00039045958
0 0.99989843 0.00010156299
0 0.9999516 4.84046e-05
0 0.9993012 0.0006988159
1 0.15429254 0.8457075
0 0.9945977 0.0054022963
0 0.75184983 0.24815018
0 0.99924254 0.00075746654
0 0.9958936 0.004106381
0 0.947472 0.052528005
0 0.9763465 0.023653451
0 0.9970836 0.0029164432
0 0.9984131 0.0015868851
0 0.99723107 0.0027689198
0 0.9995802 0.00041978108
0 0.9962419 0.0037581373
1 0.061258577 0.9387414
0 0.99948573 0.00051428826
1 0.009164797 0.9908352
0 0.8810144 0.11898556
0 0.98404896 0.015951045
0 0.997124 0.0028759346
0 0.99993587 6.410596e-05
0 0.99987113 0.00012879951
0 0.9946063 0.005393746
0 0.9992304 0.00076957047
0 0.9998252 0.0001748475
0 0.9996476 0.00035241863
1 0.03657328 0.96342665
0 0.9948797 0.0051203035
0 0.9981791 0.001820977
0 0.9974896 0.0025103707
0 0.99993503 6.4999906e-05
0 0.9997019 0.00029807806
0 0.99877125 0.001228755
1 0.004953335 0.99504673
1 0.016303403 0.9836965
1 0.001341655 0.9986583
0 0.99764144 0.0023586159
0 0.99590474 0.004095228
0 0.99992096 7.9063895e-05
0 0.999041 0.0009589993
1 0.19118194 0.80881804
0 0.9896464 0.010353587
0 0.9998641 0.0001359369
1 0.0002567405 0.9997433
0 0.99989617 0.00010380897
0 0.99997556 2.44388e-05
1 0.06423137 0.9357686
0 0.8920992 0.107900746
0 0.9975134 0.0024866315
0 0.7275924 0.2724076
0 0.99720037 0.0027996742
0 0.99843425 0.0015656883
0 0.9809409 0.019059163
0 0.9644921 0.03550788
0 0.9957113 0.0042887293
0 0.99948287 0.000517059
0 0.863459 0.13654095
0 0.7844963 0.21550365
0 0.961672 0.038327985
0 0.9970794 0.0029206574
0 0.9898476 0.0101523725
0 0.99723697 0.0027630222
1 0.004833174 0.9951668
0 0.9999931 6.9248695e-06
0 0.99986684 0.00013310411
0 0.9995858 0.0004141836
0 0.9999951 4.8524453e-06
0 0.9999523 4.7710397e-05
0 0.9997266 0.00027335627
1 0.10283878 0.8971612
0 0.9815285 0.018471425
0 0.9963722 0.0036278286
0 0.99791485 0.0020850948
0 0.99992275 7.72368e-05
0 0.99982363 0.00017636165
0 0.99977547 0.00022455078
0 0.99919504 0.000804958
1 0.10625299 0.89374703
0 0.99043685 0.009563138
0 0.97040695 0.029593086
0 0.9994248 0.0005751747
0 0.99998 2.002979e-05
0 0.9999242 7.5763965e-05
1 0.0019429465 0.99805707
0 0.9982395 0.0017605361
1 0.00055622373 0.9994437
0 0.99850166 0.0014983388
0 0.99960715 0.00039291714
0 0.9997433 0.00025666776
0 0.99999297 7.0183532e-06
0 0.9999974 2.6787636e-06
0 0.9999491 5.0868723e-05
0 0.9999924 7.65747e-06
0 0.9999714 2.8660314e-05
0 0.9999275 7.245602e-05
0 0.99998987 1.0108972e-05
1 0.0016723761 0.9983277
0 0.9952207 0.004779242
0 0.6022034 0.3977966
0 0.9942042 0.0057957415
1 7.256133e-05 0.9999274
0 0.9984268 0.001573277
0 0.99998665 1.33290205e-05
0 0.99999034 9.652983e-06
0 0.99997234 2.771008e-05
0 0.99999285 7.160389e-06
0 0.9999857 1.4346956e-05
0 0.99999344 6.538797e-06
0 0.9999974 2.6242376e-06
1 0.0003870859 0.999613
0 0.99998796 1.2081329e-05
0 0.9985166 0.0014833863
0 0.99969685 0.00030312248
1 0.009737245 0.99026275
0 0.9985719 0.0014281274
0 0.9986687 0.0013313974
0 0.99329776 0.006702311
0 0.9999676 3.2435226e-05
0 0.99996936 3.0629348e-05
0 0.9996117 0.00038837513
0 0.9999769 2.3088667e-05
0 0.99983656 0.00016337728
0 0.9990996 0.00090035656
0 0.99994886 5.118024e-05
0 0.9925432 0.007456728
1 0.029200928 0.9707991
1 0.41927516 0.58072484
0 0.99985445 0.0001455926
0 0.9995522 0.0004477401
0 0.99903345 0.0009665964
0 0.9999895 1.0527737e-05
0 0.9577833 0.04221668
1 0.10515354 0.89484644
0 0.99955124 0.000448713
1 0.018838566 0.98116136
0 0.9975891 0.0024109513
0 0.99491704 0.0050829514
0 0.65696454 0.34303543
0 0.99897766 0.0010223989
0 0.9980927 0.0019072617
1 0.00038634066 0.9996137
0 0.7370063 0.2629937
0 0.9999176 8.235913e-05
0 0.9976948 0.0023051733
1 0.3439704 0.6560296
1 0.3793793 0.6206207
1 0.0028203013 0.99717975
0 0.9928052 0.0071948506
0 0.97212356 0.027876472
1 0.001499555 0.99850047
0 0.9997514 0.00024863065
0 0.9999881 1.1881182e-05
0 0.9984207 0.0015792617
0 0.9998338 0.00016613032
0 0.99998903 1.0991169e-05
1 0.00014600228 0.99985397
0 0.9999641 3.5831454e-05
0 0.99997747 2.2570594e-05
0 0.99993634 6.370242e-05
0 0.999905 9.495373e-05
0 0.9999852 1.48366e-05
0 0.9999176 8.233935e-05
0 0.9999926 7.362404e-06
0 0.999992 7.9790925e-06
0 0.9994629 0.00053708587
1 0.0057775616 0.99422246
0 0.9999503 4.967383e-05
0 0.99976104 0.00023892798
1 0.42468897 0.57531106
1 0.032469075 0.9675309
1 0.0018056348 0.9981944
0 0.99979323 0.00020680092
0 0.99992037 7.967788e-05
0 0.9826096 0.017390447
0 0.9996972 0.00030280187
0 0.9998872 0.00011274157
0 0.9989697 0.001030354
0 0.99996185 3.8132624e-05
0 0.999938 6.1966995e-05
1 0.17787594 0.82212406
0 0.8308314 0.16916858
1 0.00055511814 0.9994449
0 0.9999516 4.843143e-05
1 0.21226996 0.78773004
0 0.99236405 0.0076359087
0 0.98154366 0.018456308
0 0.99964774 0.00035226275
0 0.99929154 0.0007083781
0 0.94723433 0.052765656
0 0.9994407 0.000559247
1 0.015821088 0.98417896
0 0.9910103 0.008989684
0 0.99954116 0.00045884753
1 0.13317843 0.8668215
0 0.803283 0.19671701
1 0.0031800403 0.99682
0 0.9144607 0.08553926
1 0.0023502123 0.99764985
0 0.98515606 0.014843895
0 0.9999821 1.7839182e-05
0 0.99969125 0.00030882205
0 0.98932064 0.010679406
0 0.9998822 0.000117774696
0 0.997259 0.0027409953
0 0.99981827 0.00018172036
0 0.9999858 1.42098625e-05
0 0.5943008 0.40569925
0 0.9508084 0.049191594
0 0.9911221 0.0088778315
1 0.0033859855 0.99661404
0 0.93556553 0.064434476
0 0.9986929 0.0013070736
1 8.981396e-09 1.0
0 0.9999994 5.5900324e-07
0 0.9999993 7.729023e-07
0 0.55980307 0.44019687
1 0.1253522 0.8746478
1 0.0002482822 0.99975175
1 7.598458e-06 0.9999924
0 0.9999838 1.6195798e-05
0 0.99996555 3.449828e-05
0 0.99998295 1.7053446e-05
0 0.99999416 5.8600976e-06
0 0.99998987 1.0135673e-05
1 0.003207387 0.9967926
0 0.9972717 0.002728228
1 0.0002073654 0.99979264
0 0.9999299 7.0035596e-05
1 0.026796876 0.9732031
0 0.990765 0.009234988
0 0.99976534 0.00023471002
0 0.99973565 0.00026430865
0 0.9999579 4.2031377e-05
0 0.99992514 7.483103e-05
0 0.9999969 3.0821197e-06
0 0.999785 0.00021502894
0 0.9880633 0.011936745
0 0.96978533 0.03021472
1 0.0004161514 0.9995839
0 0.999949 5.1027062e-05
0 0.999992 7.99434e-06
0 0.9999949 5.1803077e-06
0 0.9999932 6.82699e-06
0 0.99999595 3.9947145e-06
0 0.9999914 8.629442e-06
0 0.9999982 1.7456333e-06
0 0.9999969 3.1574739e-06
0 0.99996257 3.744906e-05
0 0.999946 5.3993474e-05
1 0.02084755 0.9791525
0 0.9965018 0.0034981768
0 0.9992574 0.0007425539
0 0.9990528 0.0009472129
0 0.999943 5.7029447e-05
0 0.99992967 7.027062e-05
0 0.99999774 2.2512374e-06
0 0.9997633 0.00023663591
1 0.2874178 0.71258223
0 0.99997103 2.9021161e-05
0 0.99988246 0.000117527874
0 0.99978083 0.0002191305
0 0.99947685 0.0005232291
1 0.0011653923 0.99883467
0 0.9952306 0.004769384
0 0.99969673 0.0003033405
1 0.09696648 0.9030335
0 0.9168216 0.08317842
1 0.010102591 0.9898974
0 0.88021356 0.119786456
0 0.99998474 1.5270669e-05
0 0.9995913 0.0004087096
1 0.041686878 0.9583131
0 0.9925962 0.0074038375
0 0.999699 0.00030108393
0 0.9997898 0.00021020632
0 0.9999658 3.4248955e-05
0 0.99996066 3.928672e-05
0 0.9999987 1.3425674e-06
0 0.9998024 0.00019762038
0 0.7533838 0.24661615
0 0.93168205 0.068317905
0 0.99944645 0.00055351463
0 0.9999578 4.2181273e-05
0 0.99996567 3.4331097e-05
0 0.9999449 5.502863e-05
0 0.9999969 3.1413927e-06
0 0.9999125 8.7527704e-05
1 0.031212261 0.9687877
1 0.05692792 0.9430721
1 7.348978e-06 0.9999926
0 0.9999958 4.164396e-06
0 0.99998975 1.02940685e-05
1 0.00026264117 0.9997373
0 0.9986986 0.0013014366
0 0.9999442 5.5743236e-05
0 0.9998747 0.00012521553
1 0.004780877 0.99521905
0 0.9833083 0.016691651
0 0.9994912 0.0005087483
0 0.9987332 0.0012667835
0 0.9766158 0.023384277
0 0.98389566 0.016104326
0 0.99865913 0.0013408376
1 0.15273316 0.84726685
1 0.00094580476 0.99905425
0 0.99994636 5.36097e-05
0 0.99863017 0.001369827
0 0.9928076 0.0071924124
0 0.52314895 0.476851
0 0.8640681 0.13593188
0 0.77192134 0.22807872
0 0.7807635 0.21923654
0 0.9999521 4.7974194e-05
0 0.9997391 0.00026089716
1 0.004719328 0.9952807
0 0.9583843 0.04161578
0 0.99993896 6.1078485e-05
0 0.5449102 0.45508978
1 0.35064813 0.6493519
0 0.99893504 0.0010648997
0 0.9985903 0.0014097074
0 0.9964478 0.003552114
1 0.0404991 0.95950085
0 0.9688268 0.031173255
0 0.9811313 0.01886864
0 0.98863167 0.011368375
0 0.98278725 0.017212745
0 0.9913134 0.008686573
0 0.9527541 0.047245916
0 0.9789205 0.021079428
0 0.999448 0.00055194495
0 0.9997476 0.0002524357
0 0.9990791 0.00092091673
0 0.99205023 0.007949794
0 0.99956197 0.00043802158
0 0.9852078 0.01479223
0 0.9683201 0.03167991
0 0.999476 0.0005239709
0 0.99994075 5.921797e-05
0 0.99694616 0.0030538696
0 0.99978703 0.00021293687
0 0.9978654 0.002134639
0 0.9988663 0.0011337121
0 0.9994493 0.00055069715
0 0.99923384 0.000766142
0 0.99942255 0.00057743036
0 0.9966235 0.0033765454
0 0.9984079 0.0015920799
0 0.9989525 0.0010475199
0 0.9993518 0.00064814894
0 0.99936146 0.00063852017
0 0.99955887 0.00044106913
0 0.9992786 0.0007214573
0 0.99968326 0.00031678978
0 0.9967583 0.0032416899
0 0.9998147 0.000185319
0 0.9998853 0.00011465446
0 0.98885906 0.0111409025
0 0.93424684 0.06575312
0 0.99998033 1.9666642e-05
0 0.99951196 0.00048799664
0 0.99646497 0.0035349876
0 0.5763824 0.4236176
0 0.9998536 0.00014639192
0 0.99995923 4.0760642e-05
1 0.008589935 0.9914101
0 0.999491 0.00050904247
0 0.98808146 0.011918536
0 0.9972168 0.0027832137
0 0.99981254 0.00018751885
0 0.9996362 0.00036385847
0 0.9892151 0.010784954
0 0.9998332 0.00016669903
0 0.9997348 0.0002652078
0 0.99985695 0.00014305634
0 0.99928147 0.0007185589
1 0.010066272 0.98993367
0 0.9998054 0.00019458053
0 0.98604894 0.013951146
0 0.99861217 0.0013878425
0 0.9998859 0.000114116956
0 0.9999814 1.8626524e-05
0 0.99994326 5.676851e-05
0 0.99998057 1.9401115e-05
0 0.99998546 1.4532221e-05
0 0.9996087 0.00039132245
0 0.99998903 1.0950083e-05
1 0.00713127 0.9928687
0 0.99837935 0.0016206586
0 0.5704441 0.42955583
0 0.78800994 0.21199001
0 0.93908 0.060919967
0 0.92780316 0.0721968
0 0.999398 0.0006019994
0 0.9996468 0.00035316288
0 0.9993249 0.00067513407
0 0.996068 0.0039319377
0 0.99667126 0.003328772
0 0.9998963 0.000103716055
0 0.9999511 4.8856808e-05
0 0.99987924 0.000120745055
1 0.00025577052 0.99974424
0 0.9992662 0.00073381024
0 0.9989654 0.0010345771
0 0.9999447 5.5290264e-05
0 0.99988925 0.00011072948
0 0.99987173 0.00012822308
0 0.9999708 2.9177396e-05
0 0.85231 0.14768997
0 0.99783164 0.0021682954
0 0.9965749 0.003425161
0 0.9783896 0.02161035
0 0.99992037 7.964771e-05
0 0.9998975 0.00010249847
0 0.8833727 0.116627276
0 0.5281535 0.47184655
1 0.0074317106 0.9925684
1 2.5912022e-05 0.99997413
0 0.9998099 0.00019006016
0 0.9999858 1.4182812e-05
0 0.9999938 6.1580768e-06
0 0.9828418 0.017158154
1 0.009348292 0.9906517
0 0.99630284 0.0036971713
0 0.96873236 0.031267677
0 0.99996793 3.2068634e-05
0 0.99832267 0.0016772599
0 0.99934846 0.00065150036
1 0.15425357 0.84574646
0 0.984039 0.015960941
1 0.44890767 0.5510923
0 0.9916652 0.0083348565
0 0.9863712 0.013628769
0 0.99968195 0.00031804867
0 0.99385613 0.0061438605
0 0.9998934 0.00010650958
0 0.9980562 0.0019438742
0 0.9921543 0.0078457575
0 0.9983014 0.0016985476
0 0.9991603 0.00083973876
0 0.9999769 2.3176513e-05
0 0.99997866 2.1310558e-05
0 0.99994385 5.616295e-05
0 0.99898785 0.0010121223
0 0.999959 4.0999425e-05
1 0.39984486 0.6001552
1 0.21725293 0.7827471
0 0.99995613 4.3868873e-05
0 0.999966 3.3970544e-05
0 0.9999567 4.3273125e-05
0 0.999833 0.00016696102
0 0.9999049 9.510679e-05
0 0.999777 0.00022302051
0 0.99996376 3.629048e-05
0 0.9999893 1.0688444e-05
0 0.99990046 9.951248e-05
0 0.9889839 0.0110160485
0 0.99686974 0.00313026
0 0.9970907 0.0029092485
0 0.99989784 0.00010209996
1 0.0008548321 0.99914515
0 0.9999895 1.0511143e-05
1 0.044305276 0.9556948
0 0.989786 0.010213908
0 0.99380916 0.0061907806
0 0.9970835 0.002916468
0 0.9998677 0.00013234314
0 0.629313 0.370687
0 0.9942052 0.0057948763
0 0.59947836 0.40052164
0 0.92062885 0.07937119
1 0.29247528 0.7075248
0 0.998108 0.0018919413
0 0.9986871 0.0013128915
1 0.15939634 0.8406037
0 0.82377774 0.17622219
0 0.7275651 0.2724349
0 0.9865341 0.013465952
0 0.9944963 0.0055036545
0 0.9990062 0.0009938513
0 0.71437943 0.28562057
0 0.9991935 0.00080653315
0 0.9940164 0.0059836023
0 0.9957361 0.004263914
1 0.17289768 0.8271023
0 0.9973538 0.0026462134
0 0.9941533 0.005846669
0 0.9962262 0.003773839
0 0.9998417 0.00015832327
0 0.99978656 0.00021341127
0 0.99054724 0.009452787
0 0.99979883 0.00020113222
0 0.94241315 0.057586834
0 0.9954873 0.0045127245
1 0.0019068542 0.9980932
0 0.9998299 0.0001700638
0 0.99946135 0.0005386883
0 0.999887 0.00011304429
0 0.9999871 1.2907606e-05
0 0.99995553 4.440992e-05
0 0.9991222 0.00087774295
0 0.9740897 0.025910357
0 0.9999018 9.816276e-05
0 0.99984515 0.00015485534
0 0.9999509 4.9157825e-05
0 0.99974686 0.00025311243
0 0.9998342 0.00016578725
0 0.99649686 0.003503177
0 0.99947673 0.0005232612
1 0.26730493 0.73269504
0 0.9974255 0.0025744531
0 0.99469334 0.0053066574
0 0.9977544 0.002245629
0 0.9554699 0.044530153
0 0.9673546 0.032645445
0 0.9999552 4.4876186e-05
1 0.49784225 0.50215775
0 0.96632427 0.033675686
0 0.98170286 0.018297097
0 0.8267897 0.17321038
0 0.9999069 9.312781e-05
0 0.9998536 0.00014635452
0 0.99237835 0.0076216976
0 0.97874993 0.02125009
1 0.48132238 0.51867765
1 8.373824e-06 0.99999166
0 0.9999682 3.186564e-05
0 0.9999975 2.5538918e-06
0 0.99999964 3.146881e-07
0 0.99999917 8.182594e-07
1 0.014206517 0.98579353
0 0.9988819 0.0011181443
0 0.99936086 0.00063913444
0 0.9998097 0.0001903852
0 0.9999573 4.269793e-05
0 0.9994184 0.0005816868
1 0.0065699043 0.9934301
0 0.9858414 0.014158581
0 0.99990296 9.702821e-05
1 5.024324e-05 0.9999498
0 0.9925524 0.0074476395
0 0.9999969 3.1048123e-06
0 0.9999845 1.5498543e-05
0 0.999951 4.9003927e-05
0 0.9999988 1.170891e-06
0 0.99998975 1.0277393e-05
0 0.9999933 6.7157716e-06
0 0.9999924 7.63536e-06
0 0.99999857 1.4557455e-06
0 0.9999994 5.731783e-07
0 0.9999887 1.1379106e-05
0 0.9999776 2.2458495e-05
0 0.9999802 1.9834313e-05
1 0.0677423 0.9322577
0 0.9939784 0.006021566
0 0.99975675 0.0002432238
0 0.9976024 0.002397632
0 0.9907652 0.009234749
0 0.99704474 0.002955294
0 0.9999614 3.8673683e-05
0 0.99985766 0.0001423276
0 0.9992207 0.00077926804
1 0.011449399 0.9885506
0 0.99944454 0.0005554426
1 0.16962878 0.83037126
0 0.7339775 0.26602253
0 0.993415 0.0065850257
0 0.999703 0.0002969316
0 0.9993543 0.00064573664
0 0.99887544 0.0011245861
0 0.9994547 0.00054530025
0 0.99996316 3.681185e-05
0 0.9996979 0.00030208274
0 0.99995613 4.3913493e-05
0 0.9994692 0.00053084263
1 0.33995572 0.66004425
0 0.9572936 0.04270639
0 0.9992539 0.0007460795
1 0.0026702387 0.9973297
0 0.9999354 6.458924e-05
0 0.99999225 7.793516e-06
0 0.99998665 1.3409868e-05
0 0.9999976 2.3450855e-06
1 0.00023803189 0.999762
0 0.99952066 0.0004792963
0 0.99998283 1.7132912e-05
0 0.99977833 0.00022170432
0 0.921383 0.07861697
0 0.99817693 0.0018231303
1 0.00015005143 0.9998499
0 0.99956614 0.00043385106
0 0.9996246 0.00037539352
1 0.008780561 0.99121946
1 0.046048976 0.953951
0 0.99987733 0.00012263002
0 0.9997265 0.0002734989
0 0.9999198 8.025697e-05
0 0.9641583 0.035841722
0 0.9714604 0.02853965
0 0.99424523 0.0057547325
0 0.9998456 0.00015433984
0 0.99990904 9.090394e-05
0 0.9936532 0.0063467594
1 0.02294703 0.9770529
1 6.946332e-05 0.9999305
0 0.92022425 0.07977573
0 0.99986076 0.00013916152
0 0.9999169 8.306504e-05
0 0.89302355 0.10697647
0 0.9958397 0.0041603297
1 0.005784756 0.9942153
0 0.9995146 0.0004854702
1 0.2536678 0.74633217
0 0.99125284 0.008747141
0 0.9999409 5.91617e-05
0 0.99950695 0.00049307547
0 0.9998908 0.000109226596
1 0.006535261 0.99346477
0 0.99812514 0.0018749074
0 0.99844176 0.0015582852
1 0.022499446 0.9775006
0 0.9931803 0.0068196896
0 0.9852219 0.014778081
1 2.3698633e-06 0.9999976
0 0.999982 1.7971106e-05
0 0.9999957 4.290798e-06
0 0.99997544 2.4535804e-05
0 0.99989116 0.00010885186
0 0.97828513 0.021714855
1 0.17177093 0.82822907
1 0.4980367 0.50196326
0 0.9989273 0.0010727247
0 0.99109215 0.008907843
0 0.5765992 0.42340088
0 0.97957855 0.020421503
0 0.9999033 9.6685e-05
1 0.003286839 0.99671316
0 0.9998727 0.00012730036
0 0.9999405 5.945472e-05
0 0.9999896 1.0411775e-05
1 0.08643999 0.91356003
0 0.79314935 0.20685062
0 0.9971814 0.002818581
0 0.99999416 5.7952675e-06
0 0.99957305 0.00042691192
0 0.99993825 6.179246e-05
1 0.0075819325 0.99241805
0 0.99973387 0.00026612775
0 0.9999901 9.895106e-06
1 0.020919004 0.979081
0 0.9947708 0.005229182
0 0.9999248 7.520703e-05
0 0.9999261 7.395774e-05
0 0.9984133 0.0015866056
0 0.9984675 0.0015324185
0 0.99998426 1.5698348e-05
0 0.99997365 2.6372025e-05
0 0.999772 0.00022799264
1 0.3138218 0.6861782
0 0.9832485 0.016751502
0 0.99995255 4.743873e-05
0 0.9998841 0.00011583746
0 0.7837371 0.2162629
0 0.9983943 0.0016057098
0 0.9963827 0.0036172657
0 0.9997032 0.00029670974
0 0.9999155 8.450668e-05
1 0.10390429 0.8960957
1 0.00049301673 0.99950695
0 0.999158 0.0008419645
0 0.6343767 0.3656233
1 0.37422997 0.62577003
0 0.7819919 0.21800807
0 0.97792196 0.022078065
