1 0.022754325 0.9772456
0 0.9998443 0.00015571414
1 0.0020432693 0.99795675
0 0.99198794 0.008012077
0 0.9999542 4.5831206e-05
1 0.36844712 0.6315529
0 0.9851394 0.014860627
0 0.9986987 0.001301271
0 0.9897254 0.010274535
0 0.99997437 2.5627443e-05
1 0.0003041078 0.9996959
0 0.99997103 2.8980032e-05
0 0.9999982 1.7400172e-06
0 0.99999785 2.0949008e-06
0 0.999995 5.0301965e-06
0 0.99999964 4.1603968e-07
0 0.9999988 1.1612086e-06
1 0.00497882 0.9950212
0 0.9995753 0.0004246872
0 0.99977463 0.00022532456
0 0.9992803 0.00071977306
0 0.99996376 3.623045e-05
1 2.2420594e-05 0.9999776
0 0.9999975 2.4648343e-06
0 0.9999988 1.210175e-06
0 0.9999981 1.9065366e-06
1 0.00092945585 0.9990706
0 0.99954337 0.0004565565
0 0.98626256 0.013737397
1 3.3106233e-05 0.99996686
0 0.99999654 3.4940138e-06
0 0.9999932 6.788911e-06
0 0.9999987 1.3701771e-06
1 0.005615439 0.9943845
0 0.99999857 1.3729617e-06
0 0.9998783 0.000121691715
0 0.9999919 8.084873e-06
1 0.0105288625 0.9894712
1 0.48708937 0.51291066
0 0.602298 0.397702
1 0.00012435076 0.99987566
0 0.9999865 1.3486768e-05
0 0.9999895 1.046583e-05
1 3.124587e-07 0.99999964
0 1.0 4.124655e-08
0 1.0 3.3514283e-08
1 0.0008972261 0.99910283
0 0.999992 7.9866595e-06
0 0.9999734 2.6584838e-05
0 0.99999905 8.991767e-07
0 0.9009002 0.09909982
0 0.9999511 4.8910464e-05
0 0.8517457 0.14825428
1 0.0007803382 0.99921966
0 0.9999975 2.4511726e-06
1 0.26137245 0.73862755
1 0.4525761 0.5474239
0 0.9413248 0.058675207
0 0.9974081 0.0025919655
1 0.00017984185 0.9998202
0 0.99999905 9.0639156e-07
0 0.99999464 5.3488775e-06
0 0.9999988 1.1532152e-06
0 0.6224429 0.37755713
0 0.9999298 7.0236456e-05
0 0.8052997 0.1947003
0 0.99992716 7.2863935e-05
0 0.9999933 6.729434e-06
0 0.999969 3.102022e-05
0 0.9999833 1.673002e-05
0 0.9999994 6.4000494e-07
0 0.99999523 4.7960457e-06
0 0.9999951 4.8879524e-06
1 0.039705727 0.96029425
0 0.99993014 6.983792e-05
0 0.9981218 0.0018781672
0 0.9999639 3.6144036e-05
0 0.99999404 5.918897e-06
0 0.99999094 9.058472e-06
0 0.9999814 1.8650573e-05
0 0.9999995 4.1848332e-07
0 0.9999968 3.167178e-06
0 0.99999726 2.710079e-06
1 0.0018853679 0.9981147
0 0.9999994 6.554128e-07
0 0.9999981 1.8907618e-06
0 0.99979144 0.0002086313
0 0.99990356 9.6372954e-05
0 0.99929404 0.0007059941
0 0.99919957 0.0008004676
1 0.00024061739 0.9997594
0 0.9995697 0.0004302401
0 0.9999373 6.274429e-05
1 2.4400146e-07 0.99999976
0 1.0 4.866933e-08
0 1.0 2.8408394e-08
1 0.1797112 0.8202888
0 0.99992836 7.158258e-05
0 0.77648443 0.22351557
0 0.9886889 0.011311077
0 0.99984765 0.00015230245
0 0.99994516 5.4800883e-05
0 0.9999914 8.635073e-06
1 0.12890884 0.8710912
0 0.9999995 4.6204343e-07
0 0.9999944 5.5512155e-06
0 0.9999927 7.221202e-06
0 0.9999993 6.757478e-07
0 0.9999994 6.409175e-07
0 0.999998 1.9856195e-06
0 0.9999932 6.847569e-06
0 0.99995315 4.6888403e-05
0 0.99999595 4.0514665e-06
0 0.99999964 3.4534446e-07
0 0.9999999 1.093361e-07
0 0.9999323 6.775895e-05
0 0.99999964 3.663339e-07
0 0.9999994 5.612682e-07
0 0.99999917 8.0625665e-07
1 0.017838215 0.98216176
0 0.5178726 0.48212737
0 0.99999917 8.007074e-07
1 0.0014155202 0.9985845
0 0.9999969 3.1267532e-06
0 0.999992 7.9360625e-06
0 0.99999726 2.7405997e-06
0 0.98797256 0.012027529
0 0.99986386 0.00013617442
0 0.9999324 6.759605e-05
0 0.99999857 1.4437006e-06
0 0.99999416 5.791555e-06
0 0.9999895 1.05245535e-05
1 0.0014901743 0.9985098
0 0.9999938 6.1651754e-06
0 0.9999825 1.7466708e-05
1 0.00038204633 0.99961793
0 0.9999441 5.5918405e-05
0 0.9999939 6.083201e-06
0 0.9999676 3.2412776e-05
0 0.56547624 0.43452373
0 0.9626342 0.037365768
0 0.9999887 1.1291554e-05
0 0.9999856 1.4396817e-05
0 0.9999924 7.663964e-06
0 0.9999279 7.2067174e-05
0 0.9998615 0.00013853001
0 0.9999702 2.9756933e-05
0 0.99999726 2.7987605e-06
0 0.99999523 4.738642e-06
0 0.9999927 7.268766e-06
1 6.0320148e-05 0.9999397
0 0.9999975 2.511364e-06
0 0.99999917 7.8300695e-07
0 0.99999845 1.537905e-06
1 0.0026040715 0.9973959
0 0.9996711 0.00032885346
1 0.027181732 0.97281826
0 0.9829444 0.017055547
0 0.9987544 0.0012456155
0 0.9993481 0.00065187307
0 0.99999833 1.6137112e-06
1 0.0015911836 0.99840885
0 0.9999858 1.4185978e-05
0 0.99999785 2.0969755e-06
0 0.999923 7.703437e-05
1 1.68515e-07 0.9999999
0 0.9999993 6.6010296e-07
0 0.9999989 1.0661136e-06
1 0.053670578 0.94632936
0 0.85247874 0.14752124
0 0.99613744 0.003862571
0 0.9999962 3.844891e-06
0 0.9994128 0.0005872726
0 0.999966 3.4000717e-05
0 0.99997747 2.2570379e-05
0 0.99999154 8.481092e-06
0 0.9999995 4.7960685e-07
0 0.9999994 5.793698e-07
0 0.9999924 7.665054e-06
1 0.07378556 0.9262145
0 0.99990606 9.38945e-05
0 0.9456056 0.054394387
0 0.99999356 6.4211317e-06
0 0.99983203 0.00016787939
0 0.99760455 0.0023954313
0 0.998161 0.0018389735
0 0.9997241 0.0002758721
0 0.99973685 0.0002631741
0 0.9998492 0.0001507927
0 0.99999595 4.0184004e-06
0 0.99992573 7.429952e-05
1 0.013661962 0.9863381
0 0.99982136 0.00017861891
1 0.0036016672 0.9963983
0 0.9996569 0.00034313742
0 0.9952384 0.0047616
0 0.9994247 0.0005752822
0 0.9999795 2.0552781e-05
0 0.999998 2.0202997e-06
0 0.99989736 0.000102588914
0 0.9994012 0.00059873034
0 0.9999901 9.878004e-06
0 0.99989474 0.00010528089
1 0.0014887204 0.99851125
0 0.99768806 0.002311953
0 0.9998956 0.00010441326
0 0.99995184 4.8165435e-05
0 0.99999475 5.2375635e-06
0 0.9999926 7.4041027e-06
0 0.99992657 7.3479634e-05
1 0.00039572796 0.9996043
1 8.47635e-05 0.99991524
0 0.5712439 0.42875615
0 0.9999764 2.3642635e-05
0 0.9999926 7.3546357e-06
0 0.9999949 5.1048605e-06
0 0.9999862 1.3880697e-05
1 0.47595754 0.5240425
0 0.6170807 0.3829193
0 0.9999819 1.808944e-05
1 0.00046705996 0.99953294
0 0.9998934 0.00010656546
0 0.99997306 2.6996011e-05
1 0.015978603 0.98402137
0 0.9682749 0.031725127
0 0.9999448 5.5247896e-05
0 0.94980633 0.050193638
0 0.9999201 7.987224e-05
0 0.999936 6.404827e-05
0 0.999 0.001000006
0 0.99980813 0.00019187004
0 0.99911624 0.000883712
0 0.99996674 3.331266e-05
0 0.9833651 0.016634865
1 0.093533754 0.90646625
0 0.9045489 0.0954511
0 0.99929166 0.0007082586
0 0.99913126 0.0008687195
0 0.99989474 0.000105249164
1 0.00024437328 0.9997557
0 0.9999994 6.536307e-07
0 0.9999957 4.315428e-06
0 0.9996836 0.00031644537
0 0.99999964 3.7187965e-07
0 0.9999958 4.134054e-06
0 0.9999895 1.0487102e-05
0 0.71259594 0.28740406
0 0.9784183 0.021581696
0 0.9921136 0.007886461
0 0.9997681 0.00023189459
0 0.999977 2.2980217e-05
0 0.9999716 2.8376979e-05
0 0.9999862 1.3840645e-05
0 0.9999894 1.0611195e-05
1 0.0267111 0.97328895
0 0.91032743 0.08967257
0 0.99999523 4.7258386e-06
0 0.9999925 7.4564537e-06
0 0.99999964 3.8842268e-07
0 0.99999964 3.055197e-07
1 0.1401997 0.8598003
0 0.9998572 0.0001428302
1 8.3417726e-05 0.99991655
0 0.9993344 0.00066558784
0 0.9999924 7.669427e-06
0 0.999997 2.9242578e-06
0 0.99999964 3.9152215e-07
0 0.99999976 1.8873268e-07
0 0.9999976 2.3280436e-06
0 0.99999964 3.4911616e-07
0 0.9999994 6.5335837e-07
0 0.9999981 1.9554434e-06
0 0.99999964 3.20584e-07
1 0.000506884 0.9994931
0 0.99966216 0.00033785155
0 0.99662066 0.0033793673
0 0.99991393 8.608025e-05
1 0.00021539666 0.99978465
0 0.99218917 0.007810814
0 0.99999905 9.643446e-07
0 0.99999976 2.9644087e-07
0 0.999998 2.0118093e-06
0 0.9999994 5.520935e-07
0 0.9999993 6.6242364e-07
0 0.9999964 3.5554826e-06
0 0.99999976 2.0004208e-07
1 0.0002717926 0.99972814
0 0.99999905 8.952766e-07
0 0.99997306 2.6933267e-05
0 0.9999994 6.5539535e-07
1 0.0007280172 0.99927205
0 0.9997826 0.00021743099
0 0.99994147 5.8549434e-05
0 0.99972004 0.00027991697
0 0.999997 2.9645266e-06
0 0.99999905 9.973788e-07
0 0.99998474 1.5271484e-05
0 0.9999993 7.2171696e-07
0 0.99999607 3.957094e-06
0 0.99999225 7.764967e-06
0 0.9999993 7.176812e-07
0 0.9899148 0.0100852735
1 0.010203649 0.98979634
1 0.3776061 0.6223939
0 0.9999951 4.844446e-06
0 0.9998795 0.000120485
0 0.99976045 0.00023958863
0 0.99999094 9.112468e-06
0 0.8530219 0.14697812
1 0.036281362 0.96371865
0 0.9998362 0.00016376768
1 0.10522039 0.8947796
0 0.977432 0.022567922
0 0.9976896 0.0023103643
0 0.9773582 0.022641763
0 0.999941 5.901728e-05
0 0.9983582 0.0016417392
1 0.000107296764 0.9998927
0 0.950399 0.04960107
0 0.9999975 2.4556136e-06
0 0.9290703 0.070929766
1 0.13713966 0.8628603
1 0.01872119 0.9812788
1 0.0017785863 0.99822146
0 0.99245244 0.007547548
0 0.9928722 0.0071278648
1 0.009032542 0.99096745
0 0.99996245 3.760782e-05
0 0.99999833 1.6473776e-06
0 0.9992926 0.0007073096
0 0.99999297 7.0441633e-06
0 0.9999949 5.147893e-06
1 0.0010126575 0.9989874
0 0.99956614 0.00043388785
0 0.9999945 5.439543e-06
0 0.9999937 6.330692e-06
0 0.99997413 2.5862695e-05
0 0.9999968 3.1860668e-06
0 0.99997556 2.4485316e-05
0 0.99999297 7.065154e-06
0 0.99999833 1.657226e-06
0 0.999936 6.399406e-05
1 0.0007135461 0.9992865
0 0.9999703 2.962318e-05
0 0.9999964 3.5866235e-06
0 0.7569618 0.24303816
1 0.0021445141 0.9978555
1 0.0011181724 0.9988819
0 0.9996675 0.00033252852
0 0.9999949 5.0871513e-06
0 0.99991083 8.9150606e-05
0 0.99998677 1.3231654e-05
0 0.99999607 3.9780334e-06
0 0.9999896 1.034323e-05
0 0.99998224 1.7798095e-05
0 0.99999654 3.4326838e-06
0 0.879885 0.120114975
0 0.6912507 0.30874926
1 0.0006774769 0.99932253
0 0.9999962 3.8739163e-06
1 0.43466923 0.56533074
0 0.9968534 0.0031466268
0 0.93073195 0.069268055
0 0.99986935 0.00013068155
0 0.99943393 0.0005660065
0 0.9988386 0.0011613695
0 0.99995947 4.0562572e-05
1 0.0011426585 0.9988574
0 0.9997569 0.00024309258
0 0.99982125 0.0001788362
1 0.005679974 0.99432003
1 0.32224336 0.67775667
1 0.16810419 0.8318958
1 0.07237382 0.9276262
1 0.007941821 0.9920582
0 0.99945885 0.0005412004
0 0.9999976 2.363456e-06
0 0.99998677 1.3239328e-05
0 0.99584925 0.004150755
0 0.9999964 3.6041722e-06
0 0.9996687 0.0003313295
0 0.999992 7.931704e-06
0 0.9999968 3.2189628e-06
1 0.27967373 0.7203263
0 0.99809974 0.0019003304
0 0.9989135 0.0010864363
1 0.0008880453 0.99911195
0 0.90053886 0.099461064
0 0.99756795 0.0024320509
1 6.086736e-07 0.9999994
0 0.99999964 3.4326044e-07
0 0.9999999 8.12238e-08
1 0.24095523 0.7590448
1 0.01068655 0.9893134
1 0.0011787035 0.9988213
1 3.9545255e-05 0.9999604
0 0.999998 2.0291086e-06
0 0.99999297 7.01658e-06
0 0.99999607 3.892796e-06
0 0.9999993 7.499861e-07
0 0.99999774 2.2204713e-06
1 9.3584495e-05 0.9999064
0 0.9999956 4.3880245e-06
1 6.485638e-05 0.99993515
0 0.9999975 2.5515353e-06
1 0.012801796 0.9871982
0 0.9623987 0.03760132
0 0.99996805 3.1902488e-05
0 0.999925 7.492985e-05
0 0.99999774 2.2428328e-06
0 0.99997103 2.892768e-05
0 0.9999963 3.6883407e-06
0 0.9999771 2.2922064e-05
0 0.894102 0.10589803
0 0.84475714 0.15524288
1 0.000287648 0.9997123
0 0.99995697 4.3044292e-05
0 0.9999987 1.281842e-06
0 0.9999993 6.7431097e-07
0 0.99999714 2.8938439e-06
0 0.9999995 4.9087737e-07
0 0.99999857 1.3984316e-06
0 0.99999976 2.9660714e-07
0 0.99999976 2.760399e-07
0 0.99999714 2.8847012e-06
0 0.9999949 5.1617603e-06
1 0.008098958 0.991901
0 0.9916871 0.008312885
0 0.999933 6.697347e-05
0 0.9998292 0.00017080322
0 0.9999988 1.2025863e-06
0 0.99998295 1.7065355e-05
0 0.9999989 1.1034839e-06
0 0.9999876 1.238526e-05
1 0.24581385 0.75418615
0 0.99999213 7.853568e-06
0 0.9999857 1.4327705e-05
0 0.99997616 2.3803805e-05
0 0.9999776 2.2451899e-05
1 0.00059908605 0.99940085
0 0.9967661 0.0032339094
0 0.99991965 8.02983e-05
0 0.8090955 0.1909045
0 0.98609525 0.013904747
1 0.0044387314 0.99556124
1 0.33634436 0.66365564
0 0.9999689 3.112764e-05
0 0.9996985 0.00030147855
1 0.0072522787 0.9927477
0 0.9836992 0.01630082
0 0.9999676 3.2420936e-05
0 0.9999764 2.360177e-05
0 0.9999975 2.4949786e-06
0 0.9999887 1.1327211e-05
0 0.9999982 1.8076413e-06
0 0.99998546 1.4547223e-05
0 0.5288969 0.4711031
1 0.36054257 0.63945746
0 0.9999491 5.0851355e-05
0 0.99999523 4.741992e-06
0 0.99999905 8.941571e-07
0 0.999997 2.994764e-06
0 0.99999917 8.175503e-07
0 0.9999888 1.1230203e-05
1 0.0031168272 0.9968831
0 0.9926246 0.007375405
1 9.598872e-07 0.99999905
0 0.99999964 3.774043e-07
0 0.9999989 1.0190327e-06
1 0.00012521853 0.9998747
0 0.9999442 5.5734785e-05
0 0.9999949 5.131071e-06
0 0.99999523 4.7943217e-06
1 0.0057831653 0.9942168
0 0.9996269 0.0003731642
0 0.99980277 0.0001973103
0 0.999524 0.000476009
0 0.5233905 0.47660953
0 0.9960252 0.0039747967
0 0.9997768 0.00022324368
0 0.80666596 0.19333403
1 0.00041923567 0.9995808
0 0.999995 4.95912e-06
0 0.9999567 4.322833e-05
0 0.8858894 0.11411061
0 0.51444066 0.4855593
0 0.92421764 0.07578235
0 0.9861232 0.013876797
0 0.8957287 0.1042713
0 0.99988174 0.00011830111
0 0.99985147 0.00014854372
1 0.0044474294 0.9955526
0 0.6554325 0.34456754
0 0.9999956 4.3598184e-06
0 0.50751436 0.49248564
0 0.59784496 0.40215507
0 0.999995 5.0278563e-06
0 0.99999034 9.71372e-06
0 0.999948 5.198924e-05
1 0.0028447055 0.9971553
0 0.99843866 0.0015612994
0 0.9997799 0.00022015271
0 0.9993357 0.000664296
0 0.9903673 0.0096327
0 0.99953115 0.0004689278
0 0.77787846 0.2221215
0 0.95619786 0.04380219
0 0.9997788 0.00022120643
0 0.9999254 7.462786e-05
0 0.9999552 4.4800836e-05
0 0.9848927 0.015107325
0 0.9999422 5.782504e-05
0 0.8785131 0.12148688
0 0.94157124 0.05842876
0 0.9999262 7.376931e-05
0 0.99999595 4.0000973e-06
0 0.9991093 0.0008906548
0 0.99989307 0.00010688379
0 0.9957729 0.004227061
0 0.99928826 0.00071181695
0 0.99989414 0.0001058769
0 0.99885774 0.0011422341
0 0.9997892 0.00021079277
0 0.99459934 0.0054006986
0 0.999456 0.0005440302
0 0.9990994 0.00090062554
0 0.9995896 0.00041035668
0 0.9998529 0.00014707372
0 0.9997228 0.0002771848
0 0.9982316 0.0017684416
0 0.9998103 0.00018976936
0 0.9487623 0.051237755
0 0.99995613 4.3903947e-05
0 0.999961 3.8929065e-05
0 0.99786144 0.0021386205
0 0.9808615 0.019138506
0 0.99998474 1.524593e-05
0 0.9997998 0.0002002646
0 0.9990258 0.0009741227
1 0.059886627 0.94011337
0 0.9998919 0.000108074906
0 0.9999913 8.761264e-06
1 0.00020558121 0.9997944
0 0.9999938 6.1592987e-06
0 0.9996679 0.00033211662
0 0.99998426 1.5687245e-05
0 0.9999988 1.2223925e-06
0 0.99999714 2.8964446e-06
0 0.9999435 5.6517925e-05
0 0.99999845 1.5476037e-06
0 0.9999939 6.0799352e-06
0 0.99999833 1.6430064e-06
0 0.9999906 9.376905e-06
1 0.00064683915 0.9993531
0 0.9999881 1.1927684e-05
0 0.99722797 0.0027720716
0 0.99943036 0.00056967116
0 0.99999 9.966837e-06
0 0.9999964 3.6204324e-06
0 0.99998915 1.0844943e-05
0 0.9999974 2.6781072e-06
0 0.9999981 1.9420957e-06
0 0.99998415 1.5887426e-05
0 0.9999989 1.0735308e-06
1 0.00407716 0.9959228
0 0.99993026 6.9701666e-05
0 0.9259325 0.0740675
0 0.99537635 0.00462366
0 0.99577206 0.0042279805
0 0.9953354 0.0046646227
0 0.99997544 2.457149e-05
0 0.9999311 6.89019e-05
0 0.99981624 0.00018379789
0 0.9998504 0.00014960414
0 0.9983693 0.0016307211
0 0.99999785 2.1808446e-06
0 0.9999974 2.630828e-06
0 0.9999815 1.8531486e-05
1 0.0004708287 0.99952924
0 0.999992 7.95154e-06
0 0.99995744 4.256872e-05
0 0.9999974 2.5631048e-06
0 0.99999917 7.750007e-07
0 0.9999939 6.0679504e-06
0 0.99999905 9.619665e-07
0 0.9309967 0.06900324
0 0.9997979 0.00020208028
0 0.9987116 0.0012884544
0 0.9936506 0.006349364
0 0.9999918 8.245526e-06
0 0.9999839 1.6105572e-05
1 0.00077713834 0.9992229
0 0.9996126 0.0003873801
0 0.8504297 0.14957032
1 8.609467e-06 0.9999914
0 0.9999989 1.1245626e-06
0 0.99999917 7.9218387e-07
0 0.9999993 7.53272e-07
0 0.9997795 0.00022050604
1 0.04089136 0.95910865
0 0.9339956 0.06600432
0 0.74847895 0.25152108
0 0.99998915 1.0887534e-05
0 0.9967976 0.0032024272
0 0.9999703 2.970434e-05
1 0.009066302 0.9909338
0 0.9994734 0.00052664446
0 0.7684971 0.23150289
0 0.81188786 0.18811215
0 0.999972 2.80223e-05
0 0.99986386 0.00013606889
0 0.9914561 0.008543919
0 0.9997851 0.00021485514
0 0.99999046 9.481277e-06
1 0.42735815 0.5726419
0 0.99745744 0.0025425593
0 0.9999336 6.637277e-05
0 0.99999917 7.8546975e-07
0 0.9999988 1.1634122e-06
0 0.9999933 6.6178927e-06
0 0.99981624 0.00018380929
0 0.99998987 1.016768e-05
0 0.9954697 0.0045303395
0 0.5169921 0.48300794
0 0.9999987 1.3333599e-06
0 0.9999975 2.4757915e-06
0 0.9999988 1.2231586e-06
0 0.9999938 6.2287236e-06
0 0.99999785 2.1600897e-06
0 0.9999981 1.9329786e-06
0 0.99999905 9.795505e-07
0 0.99999905 8.9964414e-07
0 0.9999994 6.0452464e-07
0 0.99540615 0.0045939204
0 0.9999701 2.9870549e-05
0 0.99457186 0.0054281247
0 0.99944407 0.00055588083
0 0.9347274 0.06527266
0 0.9999982 1.7811751e-06
1 0.0155429775 0.9844571
0 0.99923205 0.0007679046
0 0.99966097 0.00033908742
0 0.99985456 0.00014544689
0 0.99999225 7.796578e-06
0 0.7170379 0.28296202
0 0.9999304 6.9672235e-05
1 0.26031297 0.739687
0 0.93604124 0.06395874
1 0.044381123 0.9556189
0 0.9979565 0.0020434384
0 0.9997662 0.00023387768
1 0.037192505 0.96280754
1 0.3674704 0.63252956
0 0.62676865 0.3732313
0 0.83691597 0.16308399
0 0.99996495 3.5101166e-05
0 0.99999094 9.041521e-06
0 0.9999261 7.39547e-05
0 0.9999895 1.05088775e-05
0 0.9997645 0.00023550558
0 0.99996126 3.8725128e-05
1 0.0017227663 0.9982772
0 0.99990773 9.221329e-05
0 0.9999937 6.2910367e-06
0 0.99995065 4.9404647e-05
0 0.99999785 2.1731566e-06
0 0.99999523 4.714648e-06
0 0.9996656 0.0003344045
0 0.99999154 8.438155e-06
0 0.9103826 0.089617394
0 0.99129593 0.008704
1 0.0012029015 0.99879706
0 0.9997793 0.00022068524
0 0.99997556 2.438953e-05
0 0.9999949 5.182507e-06
0 0.9999969 3.118632e-06
0 0.99997747 2.253861e-05
0 0.9997669 0.0002331274
0 0.9934068 0.006593235
0 0.9999924 7.593011e-06
0 0.9999957 4.306622e-06
0 0.999984 1.593995e-05
0 0.9999529 4.709575e-05
0 0.99998856 1.1477182e-05
0 0.9972548 0.00274524
0 0.9999875 1.2506859e-05
0 0.65275794 0.3472421
0 0.9999871 1.2876451e-05
0 0.9999902 9.715877e-06
0 0.9999658 3.417062e-05
0 0.99963987 0.00036015478
0 0.9995957 0.00040437205
0 0.99999917 8.1639257e-07
0 0.5834495 0.41655055
0 0.9998684 0.00013161422
0 0.9789842 0.02101579
0 0.68970335 0.31029662
0 0.99998677 1.3225737e-05
0 0.99995625 4.3689266e-05
0 0.99906594 0.0009341399
0 0.9513725 0.048627485
1 0.072868176 0.92713183
1 1.7593007e-05 0.99998236
0 0.95951116 0.04048888
0 0.99999344 6.559126e-06
0 0.99999976 1.8546903e-07
0 0.99999976 2.3885616e-07
1 0.0014154527 0.9985845
0 0.9999896 1.0374754e-05
0 0.99999166 8.299963e-06
0 0.9999988 1.2166947e-06
0 0.9999994 5.6339076e-07
0 0.9999927 7.3276756e-06
1 0.004838158 0.99516183
1 0.44686595 0.553134
0 0.9999944 5.619893e-06
1 3.3627723e-05 0.9999664
0 0.9984193 0.0015807428
0 0.99999976 2.3393845e-07
0 0.9999987 1.3043186e-06
0 0.9999981 1.9571075e-06
0 0.99999976 2.1079946e-07
0 0.9999989 1.1036186e-06
0 0.99999964 3.7037898e-07
0 0.9999989 1.1162837e-06
0 0.9999995 4.1931187e-07
0 0.99999976 2.688861e-07
0 0.9999995 4.6244637e-07
0 0.99999833 1.67063e-06
0 0.99999905 9.176847e-07
1 0.0016309868 0.99836904
0 0.9999305 6.950043e-05
0 0.9999944 5.588211e-06
0 0.9999877 1.224182e-05
0 0.9999397 6.0296337e-05
0 0.9999541 4.5939116e-05
0 0.9999989 1.0163878e-06
0 0.99999285 7.1221007e-06
0 0.9999788 2.119119e-05
1 0.009916058 0.99008393
0 0.99877685 0.0012230823
1 0.298815 0.701185
0 0.9974201 0.002579936
0 0.9997557 0.00024429662
0 0.9999751 2.4963043e-05
0 0.9999428 5.726842e-05
0 0.9998503 0.0001496826
0 0.99999166 8.316816e-06
0 0.99999845 1.5846394e-06
0 0.99999774 2.2736376e-06
0 0.9999907 9.3077415e-06
0 0.9999398 6.0184087e-05
1 0.2556942 0.74430573
0 0.9077475 0.09225255
0 0.99999607 3.8933454e-06
1 0.018560437 0.98143953
0 0.9999305 6.95052e-05
0 0.9999989 1.083014e-06
0 0.99999774 2.2341185e-06
0 0.9999989 1.0272473e-06
1 7.309324e-05 0.9999269
0 0.9999932 6.833158e-06
0 0.99999964 3.8927857e-07
0 0.99999905 9.3659236e-07
0 0.92733896 0.07266106
0 0.99986887 0.00013105416
1 0.00030600582 0.999694
0 0.9987476 0.0012524055
0 0.9999883 1.1734224e-05
1 0.0075558326 0.9924442
1 0.16408472 0.83591527
0 0.9999944 5.6067506e-06
0 0.9999939 6.035273e-06
0 0.99998975 1.0227674e-05
0 0.9609637 0.039036233
0 0.9147218 0.08527824
0 0.99319685 0.006803194
0 0.9996499 0.0003501055
0 0.99986935 0.00013064442
0 0.99810565 0.0018943254
1 0.08074796 0.91925204
1 0.00024173841 0.9997583
0 0.9825431 0.01745688
0 0.99999714 2.8384889e-06
0 0.9999968 3.1988877e-06
1 0.018221062 0.981779
0 0.99728286 0.0027171825
1 0.0037606908 0.9962393
0 0.9994916 0.0005084613
1 0.10289641 0.89710367
0 0.9999219 7.802624e-05
0 0.9999994 5.462967e-07
0 0.99999297 7.048464e-06
0 0.9999993 6.5681064e-07
1 0.0067010694 0.9932989
0 0.99991274 8.725702e-05
0 0.9999739 2.6144726e-05
1 0.00081139995 0.9991886
0 0.9999659 3.406303e-05
0 0.99990654 9.341367e-05
1 6.4238516e-06 0.99999356
0 0.9999975 2.4924698e-06
0 0.9999994 6.110186e-07
0 0.9997662 0.00023382551
0 0.99999213 7.878647e-06
0 0.9925249 0.007475106
1 0.46661487 0.5333851
0 0.9999269 7.31106e-05
0 0.9998266 0.00017338866
0 0.8872275 0.1127725
0 0.7092702 0.2907298
0 0.99921834 0.0007816935
0 0.9998461 0.00015384438
1 0.2768841 0.7231159
0 0.9999753 2.4684789e-05
0 0.9998965 0.00010342431
0 0.99998844 1.1590661e-05
1 0.0040968484 0.9959032
0 0.9998921 0.00010784533
0 0.9999751 2.4972282e-05
0 0.99999976 2.3519071e-07
0 0.9999895 1.0511844e-05
0 0.9999939 6.1021365e-06
1 0.0540478 0.94595224
0 0.999997 2.9295556e-06
0 0.9999995 4.7320756e-07
1 0.0013142151 0.9986858
0 0.9999614 3.858751e-05
0 0.99999833 1.6985334e-06
0 0.99999905 1.0024481e-06
0 0.99999535 4.6404393e-06
0 0.99998486 1.5153075e-05
0 0.9999995 4.1855435e-07
0 0.9999981 1.9572287e-06
0 0.99999714 2.9116604e-06
1 0.29445007 0.70554996
0 0.9996933 0.00030670618
0 0.99999857 1.4206798e-06
0 0.99999845 1.5821388e-06
1 0.34015206 0.6598479
0 0.999905 9.5009345e-05
0 0.9997762 0.0002238018
0 0.99999344 6.5283107e-06
0 0.9999975 2.458416e-06
1 0.0063596093 0.99364036
1 0.0005485137 0.99945146
0 0.99532 0.004679959
1 0.46484503 0.53515494
1 0.0020817646 0.9979182
0 0.9997478 0.00025214127
0 0.9999709 2.9059127e-05
