1 0.25213087 0.74786913
0 0.9800756 0.01992443
1 0.14217895 0.85782105
0 0.96421903 0.035781037
0 0.96999323 0.030006833
1 0.4486981 0.55130184
0 0.9684738 0.031526208
0 0.9264688 0.0735312
0 0.808036 0.19196405
0 0.99766964 0.0023303418
1 0.281139 0.718861
0 0.77451545 0.2254846
0 0.9996369 0.00036306426
0 0.9884322 0.0115677295
0 0.9802695 0.019730553
0 0.9999627 3.72572e-05
0 0.9995153 0.00048472363
1 0.37490892 0.6250911
0 0.9779154 0.022084586
0 0.9762235 0.023776386
0 0.8623219 0.13767809
0 0.9984137 0.0015862506
1 0.06683457 0.9331655
0 0.981434 0.01856596
0 0.9996099 0.00039011656
0 0.9998281 0.00017184939
1 0.10078757 0.8992124
0 0.96181023 0.038189728
0 0.9773811 0.022618888
1 0.041730467 0.95826954
0 0.97615564 0.023844324
0 0.99966085 0.00033913006
0 0.99990284 9.7140604e-05
1 0.04852721 0.95147276
0 0.9975902 0.0024098689
0 0.9522542 0.047745846
0 0.99885726 0.0011427369
1 0.4668908 0.5331091
1 0.25016806 0.7498319
1 0.23290011 0.76709986
1 0.10886736 0.8911326
0 0.92835504 0.07164497
0 0.9882939 0.011706065
1 2.0067344e-05 0.99998
0 0.99999225 7.750097e-06
0 0.99998915 1.0817569e-05
1 0.09575781 0.9042422
0 0.9458978 0.05410215
0 0.5596155 0.44038454
0 0.99483806 0.005161939
0 0.89765507 0.10234498
0 0.9983322 0.0016677615
0 0.90207505 0.097924925
1 0.10417814 0.8958218
0 0.9986941 0.001305945
0 0.80374116 0.19625881
0 0.52312225 0.47687778
0 0.8470927 0.15290737
0 0.93697405 0.06302589
1 0.08635716 0.9136428
0 0.99794847 0.00205154
0 0.9921186 0.00788141
0 0.9982173 0.0017827378
0 0.5205084 0.47949156
0 0.9845412 0.015458747
0 0.7484417 0.25155827
0 0.9864411 0.013558955
0 0.98169255 0.018307421
0 0.9921639 0.007836075
0 0.9853474 0.014652587
0 0.99715376 0.0028462792
0 0.99772877 0.0022712422
0 0.98849666 0.011503371
1 0.19896784 0.8010321
0 0.9909848 0.009015222
0 0.78907657 0.21092342
0 0.98971725 0.010282709
0 0.9909779 0.009022139
0 0.99822897 0.0017710051
0 0.99543494 0.0045650993
0 0.9995394 0.000460647
0 0.9994289 0.0005710348
0 0.99913615 0.00086385966
1 0.17517512 0.8248249
0 0.99995625 4.369231e-05
0 0.99946743 0.0005325231
0 0.9753659 0.024634156
0 0.98395514 0.016044889
0 0.98584974 0.014150292
0 0.9835012 0.016498858
1 0.08335949 0.9166405
0 0.8641931 0.1358069
0 0.9815291 0.018470911
1 1.9690366e-05 0.99998033
0 0.99999046 9.518366e-06
0 0.9999871 1.2908689e-05
1 0.20379521 0.79620475
0 0.81925243 0.18074763
0 0.9628699 0.037130173
0 0.984583 0.015417001
0 0.99884295 0.0011570316
0 0.83926725 0.16073276
0 0.9998795 0.00012053373
1 0.42934573 0.5706543
0 0.99977094 0.00022900832
0 0.9989472 0.0010527902
0 0.99165064 0.008349365
0 0.9989347 0.0010653076
0 0.9999081 9.185635e-05
0 0.999879 0.00012094591
0 0.99994004 6.0002658e-05
0 0.9532979 0.046702065
0 0.9986327 0.0013672933
0 0.9999559 4.4054505e-05
0 0.99993813 6.1910956e-05
0 0.9815051 0.018494949
0 0.99994123 5.878799e-05
0 0.9999695 3.0536925e-05
0 0.9999511 4.8931182e-05
1 0.15449315 0.84550685
1 0.16017158 0.83982843
0 0.9995378 0.00046216344
1 0.25499448 0.7450055
0 0.9985965 0.001403508
0 0.99722844 0.0027715338
0 0.99632794 0.0036720836
0 0.5156372 0.48436275
0 0.88049823 0.119501784
0 0.9190582 0.08094187
0 0.9995944 0.0004055703
0 0.9817665 0.018233413
0 0.99629515 0.0037048124
1 0.46126172 0.5387383
0 0.99771154 0.0022884584
0 0.98132664 0.018673383
0 0.5720033 0.4279967
0 0.99944574 0.0005542305
0 0.95507425 0.044925794
0 0.9879814 0.012018591
1 0.33459523 0.6654048
0 0.8536754 0.14632463
0 0.999647 0.00035296704
0 0.9994764 0.0005236718
0 0.99943644 0.00056353566
0 0.9993981 0.0006019073
0 0.9992748 0.0007251954
0 0.99940014 0.0005998708
0 0.99891293 0.0010871171
0 0.99986684 0.0001331935
0 0.9995509 0.00044906
1 0.04036433 0.9596357
0 0.9974191 0.00258087
0 0.99670106 0.0032989162
0 0.9995011 0.00049891626
1 0.2145674 0.78543264
0 0.93125004 0.06874994
1 0.24553402 0.75446594
0 0.95335764 0.04664234
0 0.6047077 0.39529225
0 0.88750017 0.11249987
0 0.9986324 0.0013675706
0 0.73838246 0.2616175
0 0.99164796 0.008351986
0 0.99898237 0.0010176413
0 0.9991763 0.0008236251
1 1.6408268e-05 0.99998355
0 0.99998295 1.7036897e-05
0 0.99987257 0.00012738061
0 0.92525154 0.074748434
0 0.8780022 0.12199777
0 0.95906603 0.040934004
0 0.9987338 0.0012662093
0 0.9195262 0.08047373
0 0.9878407 0.012159239
0 0.9987124 0.0012875906
0 0.99935395 0.0006460955
0 0.9999118 8.815382e-05
0 0.999577 0.00042302496
0 0.9940795 0.005920581
0 0.69229394 0.30770606
0 0.9855716 0.014428393
0 0.7349396 0.2650604
0 0.9900997 0.009900279
0 0.97355866 0.026441325
0 0.7885314 0.21146858
0 0.84291875 0.15708119
0 0.98131573 0.018684255
0 0.9044217 0.095578335
0 0.9856942 0.014305785
0 0.99633247 0.0036675713
0 0.98955333 0.010446674
1 0.4193425 0.5806575
0 0.83828014 0.16171992
1 0.1679305 0.83206946
0 0.968712 0.031288005
0 0.97764856 0.02235144
0 0.9621058 0.037894253
0 0.99968743 0.00031253626
0 0.99453133 0.0054686726
0 0.9873088 0.01269117
0 0.963625 0.036374982
0 0.99096465 0.009035338
0 0.9996345 0.00036546803
1 0.1554499 0.84455013
0 0.9858343 0.014165652
0 0.9677618 0.032238178
0 0.9536072 0.046392802
0 0.99976164 0.00023835438
0 0.99943584 0.0005641091
0 0.9889059 0.011094101
1 0.05538802 0.944612
1 0.086135745 0.9138643
1 0.29238355 0.7076165
0 0.99508375 0.004916255
0 0.9914356 0.008564377
0 0.9963916 0.0036084328
0 0.99058366 0.009416414
1 0.21331087 0.78668916
0 0.593268 0.40673202
0 0.9823691 0.01763094
1 0.10069561 0.8993044
0 0.90063536 0.09936463
0 0.9457832 0.0542168
1 0.3887407 0.61125934
0 0.59919244 0.40080753
0 0.99573886 0.004261161
0 0.7707977 0.22920224
0 0.9895746 0.01042536
0 0.984576 0.015424018
0 0.9541995 0.0458005
0 0.958864 0.041136082
0 0.99364907 0.0063508893
0 0.995182 0.0048180274
0 0.6711912 0.32880878
0 0.97410005 0.025899975
0 0.7891454 0.21085458
0 0.956749 0.043250997
0 0.9441816 0.055818405
0 0.97734743 0.022652647
1 0.050800264 0.9491998
0 0.99960893 0.00039110522
0 0.99976736 0.00023266443
0 0.98759973 0.012400289
0 0.99990714 9.281556e-05
0 0.9998573 0.00014266006
0 0.99954283 0.00045718168
1 0.17676547 0.8232345
0 0.844813 0.155187
0 0.986623 0.013377031
0 0.9174984 0.08250157
0 0.998072 0.0019279674
0 0.9980184 0.001981561
0 0.9992052 0.00079487095
0 0.9920993 0.007900778
1 0.32516798 0.67483205
0 0.66318876 0.3368112
0 0.9842381 0.015761878
0 0.9852475 0.014752513
0 0.99925846 0.00074155926
0 0.9988801 0.0011198523
1 0.07986008 0.9201399
0 0.7967039 0.2032961
1 0.18743867 0.8125613
0 0.9862503 0.013749677
0 0.9987532 0.0012467983
0 0.9991222 0.00087776507
0 0.99939144 0.0006085377
0 0.99997544 2.4528574e-05
0 0.9983889 0.0016111734
0 0.9997379 0.00026204664
0 0.99931467 0.0006853483
0 0.9981419 0.0018580562
0 0.99987054 0.00012940321
1 0.39155623 0.60844374
0 0.90815884 0.0918411
0 0.8183361 0.18166393
0 0.9441428 0.055857122
1 0.048004378 0.95199555
0 0.9985819 0.0014181621
0 0.9990433 0.00095674506
0 0.99921703 0.00078298023
0 0.9919373 0.008062755
0 0.9982235 0.0017764575
0 0.99213374 0.007866249
0 0.99988556 0.000114472256
0 0.9996488 0.00035115978
1 0.09950567 0.90049434
0 0.9998542 0.00014579903
0 0.775085 0.22491504
0 0.998181 0.0018190495
1 0.13305709 0.8669429
0 0.9961421 0.0038579209
0 0.9981791 0.001820977
0 0.998589 0.0014110196
0 0.9992742 0.0007257651
0 0.9999796 2.0356467e-05
0 0.9986444 0.0013555855
0 0.99981934 0.00018071939
0 0.99936324 0.0006367602
0 0.99873155 0.0012684314
0 0.9998481 0.00015186553
0 0.87711006 0.12288989
1 0.21454771 0.78545225
1 0.090521075 0.9094789
0 0.99876106 0.0012389577
0 0.99061185 0.009388208
0 0.9979165 0.0020834822
0 0.9997696 0.00023032438
0 0.7546435 0.24535649
1 0.17766988 0.82233006
0 0.9992787 0.0007212365
1 0.41432968 0.58567035
0 0.9077107 0.09228935
0 0.73092353 0.2690764
0 0.6691852 0.33081478
0 0.988224 0.011776007
0 0.99126387 0.008736125
1 0.13548939 0.86451066
0 0.6381796 0.36182043
0 0.97384256 0.02615746
0 0.7587887 0.24121131
1 0.35846797 0.641532
1 0.13719043 0.86280954
1 0.35815948 0.6418405
0 0.69223094 0.30776906
0 0.6202757 0.3797243
1 0.11480709 0.88519293
0 0.9778876 0.022112455
0 0.99959177 0.0004082203
0 0.9278293 0.07217067
0 0.9971084 0.0028916425
0 0.9998099 0.00019014972
1 0.090503775 0.9094963
0 0.99952483 0.00047517553
0 0.9986308 0.0013690991
0 0.99784684 0.0021531046
0 0.99140245 0.00859761
0 0.9969717 0.0030282335
0 0.99353254 0.0064674937
0 0.9998872 0.000112726084
0 0.99966276 0.00033721968
0 0.99799806 0.0020018846
1 0.3448957 0.6551043
0 0.99985445 0.00014548516
0 0.9998498 0.0001501353
1 0.17516345 0.8248365
1 0.4363907 0.56360936
1 0.06598231 0.93401766
0 0.9993825 0.0006174972
0 0.9985751 0.0014249458
0 0.9967269 0.0032731348
0 0.9928115 0.0071884394
0 0.99731135 0.0026887283
0 0.9911918 0.008808195
0 0.9998691 0.00013089043
0 0.9994355 0.0005644401
0 0.6961118 0.30388817
0 0.9264272 0.07357288
1 0.042096473 0.9579035
0 0.9997118 0.00028821544
1 0.2651422 0.73485786
0 0.9268639 0.07313608
0 0.9821634 0.017836494
0 0.9935096 0.0064903386
0 0.99171025 0.008289763
0 0.9947747 0.0052252584
0 0.98319745 0.016802527
1 0.16366139 0.83633864
0 0.94166857 0.058331393
0 0.9636834 0.036316503
1 0.40871942 0.5912806
1 0.15966226 0.8403377
1 0.25277558 0.7472244
0 0.9669553 0.033044703
0 0.52399457 0.47600546
0 0.9668146 0.03318548
0 0.9923948 0.00760516
0 0.9286052 0.071394786
0 0.75554943 0.24445054
0 0.99876165 0.0012383029
0 0.760712 0.239288
0 0.9969568 0.003043128
0 0.9995436 0.0004563468
1 0.29754192 0.7024581
0 0.5764297 0.42357022
0 0.98905116 0.01094878
1 0.27478415 0.72521585
0 0.90395683 0.09604316
0 0.92907965 0.07092032
1 1.7085093e-05 0.99998295
0 0.99989843 0.00010159932
0 0.9998927 0.0001072939
0 0.6067503 0.39324966
1 0.31337342 0.68662655
1 0.009739801 0.9902602
1 0.010734281 0.9892657
0 0.99973553 0.00026448158
0 0.9965043 0.0034956776
0 0.9997663 0.00023371696
0 0.9998103 0.00018976121
0 0.99988616 0.0001138815
1 0.05576706 0.94423294
0 0.83228403 0.167716
1 0.03948691 0.96051306
0 0.881141 0.11885901
1 0.19339123 0.80660874
0 0.84093875 0.15906128
0 0.9976732 0.0023267914
0 0.900527 0.09947304
0 0.9990736 0.00092631456
0 0.9949522 0.0050478633
0 0.9998555 0.00014449969
0 0.999015 0.0009849981
0 0.7075233 0.29247677
1 0.43718645 0.5628136
1 0.016939329 0.98306066
0 0.99186385 0.008136134
0 0.9939622 0.006037736
0 0.9998723 0.00012763035
0 0.9999329 6.708092e-05
0 0.9999304 6.963271e-05
0 0.9998354 0.00016460431
0 0.99985063 0.00014932037
0 0.9998265 0.0001735319
0 0.99949133 0.0005086748
0 0.9996687 0.00033127956
1 0.18073662 0.81926334
0 0.9293637 0.070636235
0 0.9984415 0.0015584433
0 0.94935596 0.05064407
0 0.99921775 0.0007822497
0 0.99715257 0.002847351
0 0.9999038 9.614238e-05
0 0.9995683 0.00043173664
1 0.21873005 0.78126997
0 0.9911267 0.008873305
0 0.84314245 0.15685757
0 0.9809817 0.019018294
0 0.9760035 0.023996424
1 0.1555613 0.8444387
0 0.9826471 0.0173529
0 0.9853178 0.01468213
1 0.03594261 0.9640573
0 0.9687328 0.031267185
1 0.10838842 0.8916116
0 0.725151 0.274849
0 0.99957913 0.0004208435
0 0.97880965 0.021190358
1 0.17393339 0.8260666
0 0.8830424 0.11695758
0 0.9986626 0.0013373658
0 0.91034794 0.08965207
0 0.9994438 0.00055617583
0 0.9976949 0.0023050439
0 0.9999292 7.079586e-05
0 0.99919564 0.0008043944
1 0.36895844 0.6310415
0 0.8681465 0.13185346
1 0.22326371 0.77673626
0 0.9352632 0.06473676
0 0.997062 0.0029380152
0 0.9951402 0.00485976
0 0.96393305 0.036066983
0 0.996015 0.003984909
1 0.34874165 0.6512584
0 0.755067 0.244933
1 2.2251974e-05 0.9999777
0 0.999964 3.6052123e-05
0 0.9994448 0.000555206
1 0.16045041 0.83954954
0 0.6068502 0.3931498
0 0.990657 0.009342994
0 0.9941802 0.005819794
1 0.06254951 0.9374505
0 0.9882367 0.011763266
0 0.9956012 0.004398845
0 0.9956839 0.0043161204
1 0.44784006 0.5521599
0 0.56647897 0.43352103
0 0.89666635 0.103333645
0 0.64526653 0.35473347
1 0.12023761 0.87976235
0 0.9941262 0.005873758
0 0.97243553 0.027564451
1 0.37167114 0.6283289
0 0.8924467 0.10755333
0 0.9802509 0.019749066
0 0.9724582 0.027541786
0 0.9106206 0.08937936
0 0.99881124 0.0011887136
0 0.97270197 0.02729798
1 0.13488784 0.8651121
0 0.5894144 0.41058558
0 0.9883089 0.01169112
0 0.5469782 0.4530218
0 0.8736928 0.12630719
0 0.99638003 0.003619958
0 0.997672 0.0023280017
0 0.9976306 0.0023693305
1 0.21939173 0.7806083
0 0.56253874 0.43746126
0 0.9198961 0.080103844
0 0.725889 0.274111
0 0.9776855 0.022314548
0 0.89824724 0.10175279
0 0.96634156 0.033658408
0 0.98800164 0.011998336
0 0.9983254 0.00167457
0 0.993665 0.0063350904
0 0.99607384 0.003926153
0 0.9343929 0.06560708
0 0.99716276 0.0028372598
0 0.8936091 0.1063909
0 0.95587456 0.044125464
0 0.98698515 0.013014855
0 0.9986339 0.001366088
0 0.99693274 0.0030672173
0 0.99754566 0.0024543388
0 0.9759557 0.024044208
0 0.98655397 0.013446011
0 0.9938241 0.006175845
0 0.96667594 0.03332409
0 0.9953172 0.0046827914
0 0.95221806 0.047781944
0 0.99179125 0.008208761
0 0.99393916 0.006060781
0 0.99460125 0.005398762
0 0.9935456 0.006454417
0 0.9995795 0.00042050867
0 0.9990005 0.0009995616
0 0.9981858 0.0018141684
0 0.9823716 0.017628303
0 0.9985683 0.0014317156
0 0.9919966 0.008003391
0 0.85840505 0.14159493
0 0.86568975 0.13431022
0 0.9997625 0.00023753788
0 0.98986584 0.010134189
0 0.9882681 0.0117319785
0 0.54857045 0.45142955
0 0.9990723 0.0009276372
0 0.999271 0.00072898343
1 0.1250232 0.87497675
0 0.99875 0.0012499974
0 0.8568241 0.14317589
0 0.9920994 0.007900639
0 0.9980817 0.0019183516
0 0.9862701 0.013729945
0 0.9881881 0.011811868
0 0.99841416 0.0015858777
0 0.99895716 0.0010428648
0 0.9991611 0.00083891937
0 0.9979583 0.0020416705
1 0.10219685 0.8978031
0 0.98733926 0.012660747
0 0.8935688 0.10643114
0 0.9980399 0.0019601772
0 0.9972101 0.0027899262
0 0.9997044 0.00029560237
0 0.9980611 0.0019388101
0 0.9992755 0.0007245503
0 0.99983525 0.00016470211
0 0.9995265 0.00047346784
0 0.99979883 0.00020117442
1 0.057527635 0.94247234
0 0.99479115 0.005208846
0 0.5825542 0.41744584
0 0.8653476 0.13465238
0 0.96491885 0.03508119
0 0.922128 0.07787192
0 0.9944799 0.0055201584
0 0.9938822 0.0061178156
0 0.98841107 0.011588903
0 0.97309893 0.026901023
0 0.9882476 0.011752424
0 0.99928564 0.00071441534
0 0.9997762 0.0002238159
0 0.9937849 0.0062150424
1 0.26828244 0.7317176
0 0.9895363 0.0104636485
0 0.9966528 0.0033472022
0 0.9949811 0.0050188876
0 0.99949455 0.0005054081
0 0.9982899 0.0017100793
0 0.99949896 0.0005010477
1 0.16062471 0.83937526
0 0.9488748 0.051125187
0 0.9227938 0.0772062
0 0.96375763 0.036242355
0 0.99740356 0.002596427
0 0.8607647 0.13923532
1 0.06394679 0.93605316
0 0.9656723 0.034327637
1 0.1865329 0.81346714
1 0.0028691744 0.9971308
0 0.9996526 0.00034739813
0 0.9995628 0.00043723354
0 0.99982566 0.00017434126
0 0.8544988 0.14550121
0 0.7181665 0.28183356
0 0.6778897 0.32211027
0 0.7347259 0.2652741
0 0.9996954 0.0003045639
0 0.9495491 0.050450947
0 0.9907637 0.009236334
1 0.29013613 0.70986384
0 0.9826701 0.017329814
0 0.5703208 0.4296792
0 0.76762563 0.23237436
0 0.9967225 0.0032774515
0 0.9944199 0.0055800998
0 0.98088306 0.019116972
0 0.9987453 0.001254659
0 0.99739397 0.0026059898
0 0.89009684 0.10990316
0 0.91413367 0.085866354
0 0.9982035 0.0017965186
0 0.9991579 0.0008420788
0 0.9995677 0.00043226205
0 0.99176556 0.008234381
0 0.9965963 0.0034036797
0 0.99981207 0.00018793803
1 0.3332553 0.66674465
0 0.72802544 0.27197456
0 0.99990284 9.711596e-05
0 0.99962366 0.00037628974
0 0.9998066 0.00019344637
0 0.9996972 0.0003027603
0 0.9997125 0.00028749643
0 0.99957186 0.000428166
0 0.9991142 0.00088583364
0 0.9998926 0.000107346896
0 0.9998092 0.00019076822
0 0.94536227 0.0546377
0 0.9895683 0.0104317535
0 0.9908194 0.009180651
0 0.99871004 0.0012899868
0 0.6421077 0.35789233
0 0.9994386 0.0005614178
0 0.69909894 0.30090106
0 0.916962 0.08303792
0 0.88378763 0.11621241
0 0.67122024 0.32877976
0 0.9896728 0.010327276
1 0.19663963 0.8033604
0 0.74353725 0.2564628
1 0.41386318 0.5861368
1 0.41038385 0.5896161
1 0.408412 0.591588
0 0.54907995 0.45092005
0 0.9820062 0.017993825
1 0.41956487 0.5804351
0 0.5771923 0.42280766
0 0.814725 0.18527502
0 0.8937882 0.106211856
0 0.89856946 0.10143048
0 0.9944301 0.005569808
0 0.8596096 0.14039034
0 0.9947048 0.0052952147
0 0.9900949 0.009905048
0 0.87178046 0.12821954
0 0.6621567 0.3378433
0 0.99384177 0.006158252
0 0.9692637 0.030736256
0 0.99760157 0.0023983936
0 0.9944858 0.005514256
0 0.9985827 0.001417279
0 0.7866201 0.21337986
0 0.98915356 0.010846413
0 0.5037272 0.4962728
0 0.98891246 0.011087595
1 0.015029397 0.9849706
0 0.98083365 0.019166354
0 0.9984596 0.00154043
0 0.9980483 0.0019517185
0 0.99974996 0.00025002123
0 0.9978042 0.0021958246
0 0.9100185 0.08998145
0 0.60621214 0.39378786
0 0.99140126 0.008598768
0 0.96784705 0.032152936
0 0.9977744 0.0022255755
0 0.97418004 0.025819998
0 0.8749186 0.1250814
0 0.8054668 0.19453321
0 0.9822312 0.017768854
0 0.539676 0.46032405
0 0.9936767 0.0063232686
0 0.9961832 0.003816716
0 0.99349433 0.0065056873
0 0.9105975 0.08940249
0 0.96560407 0.034395937
0 0.99979144 0.00020861618
1 0.47478306 0.525217
0 0.9121542 0.08784583
1 0.49525592 0.50474405
0 0.95997643 0.04002353
0 0.99735826 0.0026416956
0 0.9997415 0.00025844882
0 0.8448137 0.15518636
1 0.43505415 0.5649459
0 0.52385026 0.4761497
1 0.003187346 0.99681264
0 0.9971269 0.0028730838
0 0.99994206 5.7890524e-05
0 0.99997556 2.4418554e-05
0 0.99996316 3.6823578e-05
1 0.116087854 0.88391215
0 0.9545957 0.045404308
0 0.9583016 0.041698348
0 0.99790204 0.002097934
0 0.9974306 0.0025694026
0 0.99654096 0.0034590454
1 0.45328125 0.5467188
0 0.96387845 0.036121592
0 0.9991165 0.00088356854
1 0.003134286 0.9968657
0 0.99643636 0.0035636502
0 0.9998746 0.00012542623
0 0.99998033 1.9664018e-05
0 0.9997199 0.00028006168
0 0.9999994 6.413436e-07
0 0.99992764 7.240733e-05
0 0.9999833 1.6746877e-05
0 0.99995685 4.3173626e-05
0 0.9999908 9.2038235e-06
0 0.9999994 5.920174e-07
0 0.99998033 1.9681935e-05
0 0.99980515 0.00019483393
0 0.9999566 4.343321e-05
1 0.10690277 0.8930973
0 0.9868313 0.013168722
0 0.99830866 0.0016913756
0 0.89212847 0.10787159
0 0.99366117 0.0063387803
0 0.9937424 0.0062575582
0 0.99988925 0.00011069305
0 0.99939466 0.00060537056
0 0.9989434 0.0010566526
1 0.16349767 0.8365024
0 0.93306404 0.06693596
0 0.5904959 0.40950418
0 0.9023251 0.09767483
0 0.99153554 0.008464447
0 0.9996307 0.00036930203
0 0.9914507 0.008549277
0 0.99775296 0.002247042
0 0.9947436 0.005256447
0 0.9981871 0.0018128667
0 0.9967199 0.003280049
0 0.9988643 0.0011357038
0 0.9981522 0.001847761
0 0.52527934 0.4747207
1 0.30545372 0.6945463
0 0.99529666 0.004703336
1 0.0014186929 0.9985813
0 0.99989474 0.000105277875
0 0.9998853 0.000114645714
0 0.9998702 0.00012980487
0 0.9998944 0.00010556477
1 0.18768454 0.81231546
0 0.99397874 0.0060212812
0 0.9992206 0.0007794308
0 0.9968573 0.003142718
0 0.5676006 0.43239936
0 0.9771459 0.022854064
1 0.1266759 0.8733241
0 0.703336 0.29666406
0 0.73177683 0.2682232
1 0.08048409 0.91951585
1 0.027575314 0.9724247
0 0.99840194 0.0015980874
0 0.9955806 0.004419404
0 0.9984981 0.001501973
0 0.9292618 0.07073821
0 0.5950726 0.40492737
0 0.96672606 0.03327394
0 0.9981401 0.0018599216
0 0.9997869 0.00021311358
0 0.9773307 0.022669382
1 0.019933412 0.98006654
1 0.029277354 0.9707226
1 0.07859005 0.9214099
0 0.998906 0.0010939185
0 0.99782 0.0021800108
0 0.5772378 0.42276216
0 0.96956855 0.030431459
1 0.20928812 0.7907119
0 0.9515308 0.048469234
1 0.23873685 0.76126313
0 0.9835888 0.016411219
0 0.9925349 0.007465079
0 0.98461056 0.015389428
0 0.95222 0.04777996
1 0.08628657 0.9137134
0 0.96246433 0.037535626
0 0.9484413 0.051558606
1 0.11923662 0.8807634
0 0.89526445 0.10473561
0 0.8757234 0.12427655
1 0.009948232 0.9900518
0 0.99962044 0.00037957868
0 0.9991466 0.0008533648
0 0.99892324 0.0010767663
0 0.9966119 0.0033880342
0 0.9404366 0.059563424
0 0.7951366 0.20486341
0 0.94829047 0.051709518
0 0.98931086 0.010689199
0 0.9822552 0.017744802
1 0.3688159 0.6311841
0 0.8346117 0.16538832
0 0.98766476 0.012335288
1 0.05103347 0.94896656
0 0.98706496 0.012935053
0 0.9984843 0.0015156752
0 0.9997087 0.00029126173
1 0.44570175 0.5542983
0 0.5202445 0.47975558
0 0.972517 0.027482988
0 0.9994246 0.00057549606
0 0.9331896 0.06681042
0 0.97905767 0.02094237
1 0.1482679 0.8517321
0 0.98962957 0.010370377
0 0.9972543 0.0027457362
1 0.21037178 0.78962827
0 0.9830724 0.016927604
0 0.9947589 0.0052410886
0 0.97088796 0.02911203
0 0.9928392 0.007160795
0 0.99264926 0.0073507098
0 0.99980146 0.00019854792
0 0.9988955 0.0011044618
0 0.99192214 0.008077908
1 0.44898918 0.55101085
0 0.97849005 0.021509923
0 0.99920255 0.0007974291
0 0.9998215 0.00017853275
1 0.33182788 0.6681721
0 0.9929998 0.0070001646
0 0.99851745 0.0014825446
0 0.99641305 0.003587001
0 0.99991536 8.460724e-05
1 0.42829752 0.5717025
1 0.008627559 0.99137247
0 0.9973266 0.0026733375
0 0.51629734 0.48370263
1 0.19625856 0.8037414
0 0.60342634 0.39657366
0 0.9483917 0.051608272
