1 0.13672209 0.8632779
0 0.96311265 0.036887344
1 0.2626845 0.7373155
0 0.58143085 0.4185691
0 0.90926087 0.090739146
1 0.47996572 0.52003425
0 0.9149541 0.0850459
0 0.67995715 0.32004282
0 0.60630804 0.39369196
0 0.9774146 0.022585347
1 0.048773218 0.9512268
0 0.8970425 0.10295747
0 0.99883395 0.0011660107
0 0.9957777 0.0042222105
0 0.9945603 0.0054396563
0 0.9998927 0.00010724684
0 0.9957664 0.004233654
1 0.15846519 0.8415348
0 0.97527844 0.024721568
0 0.94113076 0.058869272
0 0.6847519 0.3152481
0 0.99305624 0.0069437986
1 0.0077198553 0.9922801
0 0.9981008 0.0018992237
0 0.9996575 0.00034246803
0 0.9996935 0.00030648377
1 0.06367546 0.9363245
0 0.94430745 0.05569252
0 0.9131296 0.08687031
1 0.00754918 0.9924508
0 0.9978339 0.0021661278
0 0.9993293 0.0006706985
0 0.9998072 0.00019283772
0 0.85374427 0.14625572
0 0.9937587 0.0062413365
0 0.78603595 0.21396406
0 0.9862482 0.013751858
0 0.68583757 0.31416243
1 0.39952946 0.60047054
0 0.58153164 0.4184684
1 0.06808428 0.93191576
0 0.9256047 0.07439534
0 0.97410053 0.025899416
1 9.4842335e-06 0.99999046
0 0.9999914 8.556213e-06
0 0.99995697 4.300654e-05
1 0.024785444 0.97521454
0 0.986407 0.013592996
0 0.9232297 0.076770276
0 0.99279624 0.0072037424
0 0.8234802 0.17651984
0 0.9891733 0.010826698
0 0.8587297 0.1412703
1 0.043171957 0.95682806
0 0.99812514 0.0018748438
1 0.3280457 0.67195433
1 0.29354307 0.7064569
0 0.52193344 0.47806653
0 0.80798715 0.19201289
1 0.016503144 0.9834969
0 0.9964881 0.0035119506
0 0.9962084 0.0037915257
0 0.98834026 0.011659774
1 0.21604589 0.7839541
0 0.9584226 0.04157744
0 0.8265822 0.17341784
0 0.9772989 0.02270111
0 0.99360424 0.006395777
0 0.97247225 0.027527677
0 0.98813397 0.0118660005
0 0.99806887 0.0019311374
0 0.9979526 0.0020473483
0 0.9960724 0.003927592
1 0.18498732 0.8150127
0 0.98253995 0.017459964
0 0.8725221 0.12747787
0 0.9576267 0.042373262
0 0.99376607 0.006233917
0 0.992203 0.0077970275
0 0.9904525 0.0095474925
0 0.99885523 0.0011447546
0 0.99901354 0.0009864253
0 0.99824035 0.0017596629
1 0.047313277 0.9526868
0 0.9998171 0.0001829197
0 0.99854064 0.0014593995
0 0.97564393 0.024356063
0 0.99441916 0.005580809
0 0.9856448 0.01435525
0 0.98844564 0.0115544135
1 0.04635396 0.953646
0 0.701824 0.298176
0 0.9002416 0.09975834
1 8.898732e-06 0.99999106
0 0.9999924 7.629391e-06
0 0.9999802 1.9769579e-05
0 0.50361216 0.49638784
0 0.9700215 0.029978482
0 0.9942536 0.0057463734
0 0.99897504 0.0010249297
0 0.9960414 0.00395864
0 0.99283606 0.007163887
0 0.9999676 3.2457105e-05
1 0.16663347 0.8333666
0 0.9997582 0.00024182691
0 0.99935144 0.0006486053
0 0.9965216 0.0034783843
0 0.99972886 0.00027114814
0 0.9999316 6.843135e-05
0 0.9996947 0.00030528547
0 0.9999021 9.791801e-05
0 0.9746593 0.025340756
0 0.9972344 0.0027656634
0 0.99994504 5.4907017e-05
0 0.9999523 4.765628e-05
0 0.98878586 0.011214129
0 0.99995565 4.432336e-05
0 0.9999652 3.479498e-05
0 0.9999254 7.460416e-05
1 0.27143115 0.72856885
1 0.3637174 0.63628256
0 0.9906474 0.009352621
1 0.13425338 0.8657467
0 0.99776006 0.0022399642
0 0.996518 0.0034819914
0 0.9962948 0.0037051789
0 0.5621008 0.43789917
0 0.5744445 0.42555556
0 0.9556151 0.044384968
0 0.9984028 0.001597263
0 0.97284317 0.027156835
0 0.979936 0.02006393
1 0.17002848 0.82997155
0 0.996601 0.0033989649
0 0.97904986 0.020950144
1 0.024090536 0.9759094
0 0.99923277 0.0007672303
0 0.9863805 0.013619542
0 0.9822453 0.017754694
0 0.5187782 0.4812218
0 0.70474005 0.29525995
0 0.99935776 0.00064219715
0 0.9995466 0.00045342342
0 0.99723035 0.0027695969
0 0.9976962 0.0023037351
0 0.99583226 0.004167722
0 0.996546 0.0034540682
0 0.9985936 0.001406343
0 0.99912435 0.0008757018
0 0.9991749 0.0008250688
1 0.0054061715 0.9945938
0 0.9982103 0.0017896566
0 0.9979857 0.0020142712
0 0.9995461 0.00045389778
1 0.19584288 0.8041571
0 0.89704734 0.10295267
1 0.27500772 0.7249922
0 0.9115525 0.088447556
0 0.9092514 0.090748586
0 0.99530065 0.0046993783
0 0.99739265 0.0026073037
0 0.8116678 0.18833214
0 0.9967919 0.0032080852
0 0.9985972 0.0014028104
0 0.99949574 0.000504261
1 0.00041646906 0.99958354
0 0.9999633 3.669549e-05
0 0.9999554 4.4597382e-05
0 0.7452397 0.25476032
1 0.318736 0.681264
0 0.7516119 0.24838807
0 0.9979061 0.0020938942
0 0.93932176 0.060678322
0 0.95991284 0.040087137
0 0.99012357 0.009876413
0 0.9718188 0.028181162
0 0.99904484 0.00095512107
0 0.99829525 0.0017048012
0 0.99415624 0.0058437297
0 0.69326305 0.3067369
0 0.95585823 0.044141755
0 0.7068672 0.2931328
0 0.99355584 0.0064441664
0 0.9705055 0.029494543
0 0.7969527 0.20304723
0 0.7915536 0.20844638
0 0.974754 0.025246052
0 0.81423384 0.18576623
0 0.969871 0.030128984
0 0.9928878 0.0071122297
0 0.9741406 0.02585944
1 0.2141031 0.7858969
0 0.99224585 0.007754216
1 0.23483893 0.7651611
0 0.9062502 0.09374976
0 0.8011099 0.1988901
0 0.8100027 0.18999729
0 0.99702483 0.0029751726
0 0.9894962 0.010503859
0 0.9687028 0.0312972
0 0.98735934 0.0126407
0 0.99078476 0.009215264
0 0.998317 0.0016829801
1 0.071891345 0.92810863
0 0.986759 0.013241046
0 0.9746494 0.025350558
0 0.99667144 0.0033285567
0 0.99924564 0.00075443665
0 0.99699473 0.00300522
0 0.99797505 0.002024962
1 0.06168995 0.93831
1 0.015452835 0.9845472
1 0.13286912 0.8671308
0 0.95449686 0.045503154
0 0.93785536 0.06214465
0 0.98348814 0.016511822
0 0.7493803 0.25061974
1 0.27309325 0.7269067
0 0.86202884 0.13797116
0 0.9893497 0.01065032
1 0.0031964642 0.9968035
0 0.9898307 0.010169341
0 0.99712783 0.0028722072
1 0.16727816 0.8327218
0 0.7183092 0.2816908
0 0.99265265 0.00734736
0 0.773317 0.22668302
0 0.98260605 0.01739391
0 0.9942367 0.005763281
0 0.9164073 0.08359275
0 0.984962 0.015037981
0 0.99058634 0.0094137015
0 0.99816763 0.001832398
1 0.3851858 0.61481416
0 0.8024992 0.19750082
0 0.90528107 0.09471891
0 0.9052653 0.094734736
0 0.97900635 0.020993616
0 0.98017406 0.019825907
1 0.010724746 0.9892753
0 0.99963844 0.0003615018
0 0.9996314 0.00036859437
0 0.9942782 0.005721834
0 0.9997788 0.00022124777
0 0.999582 0.00041802763
0 0.99886537 0.0011346212
1 0.24390067 0.75609934
0 0.8744717 0.12552832
0 0.8192161 0.18078388
0 0.9470271 0.052972894
0 0.9838959 0.01610406
0 0.9921234 0.007876561
0 0.98914427 0.010855743
0 0.99311334 0.0068867025
1 0.22980128 0.77019864
0 0.661194 0.33880594
0 0.8838344 0.116165526
0 0.96184486 0.038155116
0 0.99732363 0.0026762797
0 0.99543095 0.00456903
1 0.018652715 0.9813473
1 0.32012266 0.67987734
1 0.023446307 0.9765537
0 0.98582155 0.01417839
0 0.97601306 0.02398687
0 0.9992919 0.00070804846
0 0.9996835 0.0003164909
0 0.9999734 2.659701e-05
0 0.9965778 0.003422203
0 0.9998872 0.00011277114
0 0.999645 0.00035505
0 0.9984603 0.0015397688
0 0.9997485 0.00025142854
1 0.2216539 0.7783461
0 0.91787314 0.08212681
0 0.836058 0.16394196
0 0.9202715 0.07972843
1 0.0015049237 0.9984951
0 0.99599683 0.004003131
0 0.99982256 0.00017752429
0 0.9999194 8.054639e-05
0 0.9997366 0.00026335355
0 0.9998783 0.00012174302
0 0.9998648 0.00013521229
0 0.99996424 3.574688e-05
0 0.999982 1.796929e-05
1 0.004103447 0.9958966
0 0.9998566 0.00014336672
0 0.98131907 0.018680897
0 0.99829346 0.0017065338
1 0.02023338 0.9797666
0 0.99338514 0.006614847
0 0.9949411 0.0050589163
0 0.99858826 0.0014116889
0 0.9996123 0.0003877255
0 0.9999672 3.279196e-05
0 0.99780387 0.002196157
0 0.99995553 4.4440854e-05
0 0.999785 0.00021497317
0 0.9988029 0.0011970972
0 0.9997904 0.00020969067
0 0.94806594 0.051934034
1 0.059195332 0.9408047
1 0.30150315 0.6984968
0 0.9986357 0.0013642762
0 0.99747735 0.0025226334
0 0.9977191 0.002280838
0 0.9997917 0.00020838021
0 0.9115983 0.08840166
1 0.08023884 0.9197612
0 0.9981785 0.001821549
0 0.5502602 0.44973978
0 0.87227887 0.12772116
0 0.8675765 0.13242353
0 0.58927304 0.41072696
0 0.9856521 0.014347884
0 0.9778903 0.022109734
1 0.022760926 0.977239
0 0.7647426 0.23525737
0 0.9978644 0.0021356083
0 0.9642383 0.03576176
0 0.86512905 0.13487098
1 0.017539952 0.98246
1 0.26348212 0.73651785
0 0.8044738 0.19552615
0 0.8677329 0.1322671
1 0.17476502 0.825235
0 0.79547924 0.20452075
0 0.9991295 0.0008705815
0 0.77414936 0.22585067
0 0.9735024 0.026497558
0 0.99753076 0.002469243
1 0.001587101 0.99841285
0 0.99961346 0.0003865766
0 0.9997634 0.00023657593
0 0.9998022 0.00019787494
0 0.9993998 0.0006002681
0 0.99974126 0.00025867834
0 0.9997085 0.0002915265
0 0.9999567 4.3282205e-05
0 0.9999665 3.348695e-05
0 0.5076763 0.49232367
1 0.22301534 0.7769847
0 0.9984309 0.0015691225
0 0.99663514 0.0033649318
0 0.5389495 0.46105048
0 0.62388915 0.37611085
1 0.0026913788 0.9973086
0 0.9993742 0.0006258108
0 0.99967396 0.00032602865
0 0.9993987 0.00060123386
0 0.9992168 0.0007831802
0 0.99957055 0.0004294995
0 0.99946207 0.0005379138
0 0.99991536 8.465865e-05
0 0.99994683 5.3105505e-05
1 0.3718711 0.6281289
0 0.8481769 0.15182307
1 0.007010823 0.9929892
0 0.9995777 0.00042225016
1 0.2984761 0.7015239
0 0.9466194 0.053380553
0 0.91450113 0.085498914
0 0.99258524 0.0074146837
0 0.9813973 0.018602746
0 0.950259 0.049741056
0 0.99479717 0.0052028955
1 0.06559826 0.9344017
0 0.987656 0.012344028
0 0.9871553 0.012844664
1 0.22729357 0.77270645
0 0.5835506 0.41644943
1 0.25546762 0.7445324
0 0.9698126 0.030187393
1 0.0733217 0.9266783
0 0.9684572 0.031542804
0 0.99882346 0.0011765766
0 0.98248094 0.017519109
0 0.9358326 0.06416737
0 0.9993667 0.0006332717
0 0.79046863 0.20953135
0 0.9968838 0.0031161741
0 0.9987207 0.0012792198
0 0.7435481 0.25645185
0 0.9355519 0.06444812
0 0.89491594 0.105084054
1 0.14522557 0.8547744
0 0.7655576 0.23444246
0 0.86122197 0.13877799
1 9.458025e-07 0.99999905
0 0.9999857 1.43052175e-05
0 0.9999658 3.418982e-05
1 0.4302402 0.5697597
1 0.2911208 0.7088792
1 0.0071825413 0.9928175
1 0.003571437 0.99642855
0 0.99904114 0.0009588402
0 0.997686 0.0023140074
0 0.9991335 0.00086655427
0 0.999276 0.00072400627
0 0.9990355 0.00096448784
1 0.010359085 0.9896409
0 0.92537534 0.07462461
1 0.00883715 0.9911629
0 0.94653875 0.053461183
1 0.10911248 0.89088756
0 0.96097505 0.03902495
0 0.9980123 0.001987729
0 0.956728 0.04327203
0 0.9985435 0.0014565756
0 0.99828374 0.0017163164
0 0.99987984 0.00012017051
0 0.9986002 0.0013998117
0 0.5538678 0.44613218
0 0.6169052 0.38309476
1 0.0031619968 0.996838
0 0.97930133 0.020698668
0 0.9992848 0.00071525393
0 0.9999429 5.709632e-05
0 0.99997115 2.8833241e-05
0 0.9999347 6.527993e-05
0 0.99992704 7.2894574e-05
0 0.9999162 8.377462e-05
0 0.99993896 6.0987037e-05
0 0.99945956 0.00054045697
0 0.99939847 0.0006015038
1 0.11991372 0.8800863
0 0.9686784 0.031321544
0 0.9967906 0.003209371
0 0.9420323 0.057967726
0 0.9981761 0.0018239418
0 0.99871385 0.0012861296
0 0.9999503 4.9717622e-05
0 0.9987392 0.0012608586
1 0.084895454 0.91510457
0 0.9983052 0.001694742
0 0.9922734 0.007726595
0 0.9968459 0.0031540769
0 0.99376374 0.0062362393
1 0.09154611 0.9084539
0 0.9584989 0.0415011
0 0.99146324 0.008536691
1 0.42390576 0.57609427
0 0.8808302 0.119169794
1 0.08213474 0.9178652
1 0.35486552 0.6451345
0 0.9960775 0.0039224564
0 0.99113923 0.0088607455
1 0.09996816 0.9000318
0 0.9737674 0.026232593
0 0.99813014 0.0018699283
0 0.98085344 0.019146547
0 0.9992138 0.0007861786
0 0.99885786 0.0011421482
0 0.9999225 7.747358e-05
0 0.998703 0.0012969545
1 0.23979984 0.76020014
0 0.94905674 0.05094331
0 0.9625963 0.037403718
0 0.88634366 0.11365635
0 0.9969338 0.0030661868
0 0.9976561 0.0023438805
0 0.9998135 0.00018646935
0 0.9976962 0.002303723
1 0.24034977 0.75965023
0 0.69111294 0.30888706
1 0.0009082361 0.99909174
0 0.99994445 5.5528737e-05
0 0.9999281 7.186691e-05
1 0.06701112 0.93298894
0 0.9501982 0.049801804
0 0.99890757 0.0010923751
0 0.9991591 0.00084096636
1 0.01965111 0.9803489
0 0.9516474 0.048352614
0 0.9759378 0.024062198
0 0.99637824 0.0036217766
0 0.5816323 0.4183677
0 0.916439 0.08356095
0 0.8759419 0.124058165
1 0.44586048 0.5541395
1 0.11798025 0.8820198
0 0.999012 0.0009879381
0 0.97095823 0.0290418
0 0.96324635 0.036753714
1 0.29172483 0.70827514
0 0.5846595 0.41534045
0 0.81900495 0.18099509
1 0.41233295 0.587667
0 0.99939704 0.0006030064
0 0.9962792 0.0037208248
1 0.3195981 0.68040186
0 0.8162658 0.18373421
0 0.9976562 0.0023437925
1 0.31955412 0.6804459
0 0.6008071 0.3991929
0 0.9960735 0.00392655
0 0.99040717 0.009592839
0 0.9783051 0.02169494
0 0.5044181 0.4955819
0 0.67255664 0.3274434
0 0.93307745 0.06692257
0 0.89590657 0.10409342
0 0.84919345 0.15080656
0 0.944178 0.055821955
0 0.786395 0.21360491
0 0.75397545 0.24602456
0 0.9691227 0.030877309
0 0.9886148 0.01138523
0 0.99309254 0.0069074845
0 0.8674357 0.13256434
0 0.99167866 0.008321341
0 0.8579655 0.14203441
0 0.81033975 0.18966027
0 0.9710924 0.02890754
0 0.9957488 0.0042512636
0 0.9851645 0.014835418
0 0.9982414 0.0017585778
0 0.9419243 0.058075763
0 0.9954976 0.0045024455
0 0.9813058 0.018694205
0 0.99251527 0.0074847564
0 0.9909662 0.009033853
0 0.968315 0.031684972
0 0.9783544 0.02164566
0 0.98484 0.015160003
0 0.9935369 0.0064631132
0 0.99554753 0.0044524143
0 0.97437716 0.025622794
0 0.99054986 0.009450117
0 0.9942871 0.005712891
0 0.9330877 0.06691232
0 0.99680483 0.0031951761
0 0.98299915 0.017000867
0 0.84956825 0.15043178
0 0.79680383 0.20319615
0 0.999 0.0010000088
0 0.889128 0.11087198
0 0.96059793 0.039402038
1 0.44034094 0.55965906
0 0.99752873 0.0024713206
0 0.9980234 0.0019766525
1 0.099834144 0.90016586
0 0.99609035 0.003909578
0 0.78124607 0.2187539
0 0.9861404 0.013859646
0 0.9945357 0.0054643126
0 0.9946354 0.005364619
0 0.9714224 0.028577616
0 0.99766636 0.0023337058
0 0.9897355 0.010264469
0 0.9939733 0.006026729
0 0.99210453 0.007895469
1 0.025722114 0.9742779
0 0.99886656 0.001133461
0 0.9592782 0.040721722
0 0.9980471 0.0019529384
0 0.99841905 0.0015809498
0 0.99957436 0.00042562644
0 0.9989808 0.0010191634
0 0.99940765 0.00059230195
0 0.9999083 9.165476e-05
0 0.9995084 0.00049157866
0 0.99978656 0.00021350408
1 0.038847107 0.9611529
0 0.98867375 0.011326285
1 0.19906275 0.80093724
0 0.6826165 0.31738353
0 0.9093046 0.09069537
0 0.8924768 0.107523195
0 0.99883074 0.0011692363
0 0.9791252 0.020874845
0 0.98519105 0.014809009
0 0.9298715 0.070128456
0 0.99595463 0.004045429
0 0.99966013 0.00033988454
0 0.99914575 0.0008542398
0 0.99321496 0.0067850193
1 0.037843563 0.9621564
0 0.99208367 0.007916383
0 0.99237627 0.0076237307
0 0.99417996 0.005820098
0 0.98275054 0.017249469
0 0.9891629 0.01083708
0 0.9992373 0.00076275424
0 0.84887797 0.15112197
0 0.71626896 0.283731
0 0.80880505 0.19119495
0 0.9644987 0.035501327
0 0.95233643 0.047663525
0 0.9974523 0.002547652
1 0.06422577 0.93577427
0 0.97978914 0.020210879
1 0.20803666 0.79196334
1 0.0018633407 0.99813664
0 0.9842653 0.015734635
0 0.9992525 0.0007475171
0 0.9994247 0.0005753897
0 0.6058822 0.39411777
0 0.6513916 0.34860843
0 0.9547793 0.045220643
0 0.7013036 0.29869643
0 0.99754435 0.002455642
0 0.98360646 0.01639355
0 0.968403 0.03159703
0 0.8862876 0.1137123
0 0.985468 0.014531973
1 0.45189664 0.5481034
1 0.2996702 0.70032984
0 0.99432087 0.005679155
0 0.9613818 0.038618196
0 0.97276556 0.027234444
0 0.9877894 0.012210641
0 0.99517256 0.0048274444
0 0.7307522 0.26924777
0 0.8260927 0.17390728
0 0.99813867 0.0018612833
0 0.99701846 0.0029815442
0 0.99641234 0.003587669
0 0.98969144 0.010308519
0 0.98824906 0.011750884
0 0.99800044 0.0019995426
0 0.5781578 0.42184225
0 0.70013213 0.2998679
0 0.9997565 0.00024349576
0 0.99971324 0.00028667907
0 0.99890864 0.0010913324
0 0.99960726 0.00039271993
0 0.9993082 0.0006917719
0 0.9993387 0.0006612854
0 0.99937963 0.0006202907
0 0.99949086 0.0005091058
0 0.9997838 0.00021625643
1 0.34085336 0.6591466
0 0.8691703 0.13082962
0 0.9070983 0.092901684
0 0.97734773 0.022652235
0 0.8439486 0.15605135
0 0.99820507 0.0017949698
1 0.39553523 0.60446477
0 0.5929269 0.40707305
0 0.9843678 0.015632272
0 0.9722962 0.027703833
0 0.9741323 0.025867628
0 0.6678061 0.33219394
0 0.93054974 0.06945025
0 0.6563815 0.34361845
0 0.73634434 0.26365563
1 0.47140065 0.5285994
0 0.9447201 0.055279862
0 0.94330156 0.05669851
0 0.7477211 0.25227895
1 0.3808827 0.61911726
1 0.44101724 0.55898273
0 0.8663429 0.13365708
0 0.9375837 0.062416375
0 0.94100726 0.05899282
0 0.6383478 0.36165214
0 0.9809553 0.019044735
0 0.96302795 0.03697202
0 0.85350186 0.14649813
1 0.3259209 0.67407906
0 0.9874334 0.012566611
0 0.8818278 0.11817223
0 0.9414216 0.058578387
0 0.992289 0.0077109844
0 0.9981267 0.0018733687
0 0.7471534 0.25284657
0 0.9906879 0.009312076
0 0.5126614 0.48733854
0 0.9503618 0.04963824
1 0.010382448 0.9896175
0 0.99478537 0.0052147117
0 0.9981913 0.0018087495
0 0.9983512 0.001648852
0 0.99969375 0.00030631406
0 0.9995524 0.00044751458
0 0.78173655 0.21826345
0 0.81853414 0.18146582
0 0.9958515 0.004148515
0 0.99080616 0.009193815
0 0.98955613 0.010443805
0 0.9778311 0.022168804
0 0.96509415 0.03490587
0 0.9799604 0.020039588
0 0.98540306 0.014596934
0 0.5002127 0.49978733
0 0.995698 0.004302012
0 0.98588735 0.014112664
0 0.9922659 0.0077340705
0 0.9320971 0.06790288
0 0.95135695 0.04864303
0 0.99963236 0.00036759113
0 0.5768452 0.42315477
0 0.7915608 0.20843913
0 0.6030982 0.39690173
0 0.8346557 0.16534424
0 0.9970843 0.0029156834
0 0.9980927 0.0019073144
0 0.88187164 0.11812833
0 0.5144395 0.48556048
1 0.4859631 0.5140369
1 0.00044339002 0.9995566
0 0.99779284 0.0022071807
0 0.9999305 6.9465306e-05
0 0.99999464 5.404934e-06
0 0.9999759 2.4030338e-05
1 0.061210565 0.93878937
0 0.96707314 0.03292692
0 0.99722904 0.0027709513
0 0.9969361 0.0030639002
0 0.99949765 0.000502336
0 0.996788 0.0032119942
0 0.88115466 0.11884532
0 0.91154164 0.08845837
0 0.9957177 0.0042823404
1 0.0012543733 0.99874556
0 0.9991073 0.00089262275
0 0.9998821 0.00011784141
0 0.9998615 0.000138548
0 0.9997441 0.00025584633
0 0.9999968 3.2238968e-06
0 0.9999124 8.7567765e-05
0 0.99995685 4.3155924e-05
0 0.9999137 8.6308e-05
0 0.99998236 1.7641445e-05
0 0.9999963 3.6799893e-06
0 0.9999579 4.2032058e-05
0 0.9999045 9.5482086e-05
0 0.99987066 0.00012931836
1 0.23281336 0.7671867
0 0.9683224 0.03167757
0 0.9976004 0.0023996215
0 0.9964212 0.0035788196
0 0.9856361 0.014363861
0 0.99322367 0.006776362
0 0.9991867 0.0008133353
0 0.99828607 0.0017139455
0 0.98213553 0.017864479
1 0.24801695 0.751983
0 0.813375 0.18662497
1 0.30026308 0.69973695
0 0.6612894 0.33871058
0 0.99684733 0.003152695
0 0.99969804 0.0003019837
0 0.9953324 0.0046676104
0 0.9967385 0.0032615224
0 0.99574983 0.004250102
0 0.9984699 0.0015301455
0 0.9983712 0.0016288972
0 0.9974124 0.002587637
0 0.99871814 0.0012819336
0 0.69715387 0.3028461
0 0.7753286 0.22467144
0 0.98771906 0.012280931
1 0.0009852815 0.99901474
0 0.9992829 0.0007171743
0 0.99977654 0.00022341848
0 0.9999262 7.3796335e-05
0 0.99994934 5.0604984e-05
1 0.021252489 0.9787475
0 0.995103 0.004896945
0 0.99972266 0.0002773786
0 0.9971221 0.0028778662
0 0.7545347 0.24546525
0 0.94068474 0.059315234
1 0.4118011 0.5881989
0 0.9720125 0.02798745
0 0.97978216 0.02021781
1 0.04660649 0.95339346
1 0.21768245 0.7823175
0 0.9993869 0.0006130768
0 0.9988741 0.0011258653
0 0.99953353 0.00046652957
0 0.99644023 0.0035597512
0 0.73569864 0.2643014
0 0.9771527 0.022847239
0 0.99603623 0.0039638327
0 0.99942976 0.00057016563
0 0.92265314 0.077346854
1 0.31621695 0.68378305
1 0.0030671328 0.99693286
0 0.9545088 0.045491185
0 0.9995552 0.00044481523
0 0.9992341 0.00076593144
0 0.887333 0.11266702
0 0.9993537 0.00064628397
1 0.25382683 0.7461732
0 0.9742346 0.02576544
1 0.1761361 0.8238639
0 0.93545306 0.06454695
0 0.9895761 0.01042388
0 0.9775554 0.022444589
0 0.9812571 0.018742943
1 0.1444165 0.85558355
0 0.9910706 0.008929333
0 0.9911219 0.008878057
1 0.10683705 0.89316297
0 0.9884848 0.011515236
0 0.9798854 0.0201146
1 0.0004223575 0.9995777
0 0.9998437 0.00015624583
0 0.99988985 0.000110091554
0 0.9946866 0.005313369
0 0.9910459 0.008954062
0 0.8669224 0.13307762
0 0.8175693 0.18243068
0 0.872384 0.12761605
0 0.9692095 0.030790498
0 0.9081724 0.09182754
1 0.4264658 0.57353425
0 0.75910264 0.24089733
0 0.9974796 0.0025203377
1 0.0059669316 0.99403304
0 0.9949286 0.0050714356
0 0.9981975 0.0018025349
0 0.99918085 0.00081918365
1 0.45895502 0.54104495
0 0.58878744 0.41121256
0 0.97216344 0.027836505
0 0.9996989 0.00030120707
0 0.959663 0.04033704
0 0.94396085 0.05603917
1 0.18196552 0.81803447
0 0.9875381 0.012461836
0 0.99663466 0.0033653728
1 0.28698683 0.7130132
0 0.9563114 0.04368854
0 0.99707925 0.002920753
0 0.99837613 0.0016238558
0 0.988881 0.011119078
0 0.9945768 0.005423197
0 0.99917054 0.0008295173
0 0.9987281 0.0012718624
0 0.9948632 0.005136835
1 0.19464898 0.805351
0 0.98597383 0.014026148
0 0.9995382 0.00046183585
0 0.99985695 0.00014298187
1 0.40832675 0.5916732
0 0.9424534 0.057546567
0 0.959264 0.04073602
0 0.97811437 0.021885635
0 0.99695575 0.0030443077
1 0.22664581 0.7733542
1 0.03530664 0.96469337
0 0.80091155 0.19908847
1 0.4349467 0.5650533
1 0.22657976 0.7734202
0 0.85626113 0.14373885
0 0.9700539 0.029946117
