1 6.045043e-06 0.9999939
0 0.9999956 4.393669e-06
1 1.1106155e-05 0.9999889
0 0.9998288 0.00017116126
0 0.9999999 8.456078e-08
1 0.031197838 0.96880215
0 0.9999957 4.3037644e-06
0 0.9999989 1.0516591e-06
0 0.99999034 9.630418e-06
0 1.0 4.7274074e-08
1 4.3973102e-07 0.9999995
0 0.9999995 4.3811946e-07
0 1.0 4.2745324e-08
0 0.9999999 6.4781226e-08
0 0.9999999 9.072185e-08
0 1.0 3.9499945e-08
0 1.0 4.137427e-08
1 1.2302655e-05 0.9999877
0 0.99999964 3.3728023e-07
0 0.99999976 2.8678954e-07
0 0.9999993 6.585022e-07
0 1.0 4.842442e-08
1 1.3678448e-07 0.9999999
0 0.9999999 6.4704786e-08
0 1.0 4.76723e-08
0 1.0 4.9982255e-08
1 7.594807e-06 0.9999924
0 0.99999595 4.0760956e-06
0 0.9999201 7.991453e-05
1 2.5324903e-07 0.99999976
0 0.9999999 1.5703102e-07
0 0.9999999 8.147066e-08
0 1.0 4.6508056e-08
0 0.57296234 0.42703763
0 1.0 3.4945387e-08
0 0.99999964 3.976126e-07
0 0.9999995 4.6714848e-07
1 0.2677008 0.73229927
0 0.67759556 0.32240444
1 0.06301488 0.9369852
1 9.026676e-07 0.99999905
0 0.99999976 2.3784825e-07
0 0.99999964 3.9578381e-07
1 1.1018123e-07 0.9999999
0 1.0 2.7699388e-08
0 1.0 5.3897836e-08
1 2.4991743e-06 0.9999975
0 0.9999993 7.256557e-07
0 0.9999981 1.9501692e-06
0 1.0 3.7265355e-08
0 0.9965252 0.00347479
0 0.9999989 1.1282352e-06
0 0.9999987 1.2791676e-06
1 2.2312122e-06 0.99999774
0 0.9999999 1.5178902e-07
0 0.9857765 0.0142235365
0 0.9669114 0.033088632
0 0.99970585 0.0002941234
0 0.9999989 1.11624e-06
1 8.4715657e-07 0.99999917
0 1.0 3.675345e-08
0 0.9999999 9.562875e-08
0 1.0 3.614825e-08
1 0.1420474 0.85795254
0 0.99999964 3.6178602e-07
0 0.99834406 0.001655892
0 0.9999999 1.6435973e-07
0 0.9999999 1.3857581e-07
0 0.9999999 7.479106e-08
0 0.9999999 6.108205e-08
0 1.0 5.011456e-08
0 1.0 5.1770993e-08
0 1.0 3.5659713e-08
1 0.0009945817 0.9990055
0 0.9999999 1.5707865e-07
0 0.9999999 1.3581946e-07
0 0.9999999 1.0255007e-07
0 0.9999999 9.50454e-08
0 1.0 4.1578534e-08
0 1.0 4.5655252e-08
0 1.0 4.636157e-08
0 1.0 4.5755588e-08
0 1.0 3.741606e-08
1 2.2592078e-06 0.99999774
0 1.0 3.156041e-08
0 1.0 3.8081325e-08
0 0.9999958 4.147346e-06
0 0.9999994 6.373736e-07
0 1.0 4.3704862e-08
0 0.99999976 2.4922576e-07
1 3.1885197e-06 0.9999968
0 0.9999869 1.3140561e-05
0 0.99999857 1.4133798e-06
1 3.064991e-07 0.99999964
0 1.0 3.7573898e-08
0 1.0 5.245844e-08
1 0.00041208882 0.99958795
0 0.99999976 2.1015994e-07
0 0.9884884 0.011511566
0 1.0 5.3575388e-08
0 1.0 4.0167617e-08
0 0.99999774 2.2561142e-06
0 0.9999999 1.0224344e-07
1 0.34197867 0.6580213
0 1.0 4.5074835e-08
0 0.9999999 1.241494e-07
0 0.9999999 1.0585925e-07
0 1.0 4.8778155e-08
0 1.0 3.9642217e-08
0 0.9999999 7.823652e-08
0 0.9999999 8.5495074e-08
0 0.9999995 4.3605195e-07
0 1.0 3.9467714e-08
0 1.0 3.9611e-08
0 1.0 4.825256e-08
0 0.99999774 2.2439644e-06
0 1.0 4.358374e-08
0 1.0 5.2639454e-08
0 1.0 4.9910426e-08
1 9.874387e-06 0.9999901
1 0.37424073 0.6257593
0 1.0 4.588703e-08
1 4.5875363e-06 0.99999547
0 0.9999999 6.964515e-08
0 0.9999999 1.13011815e-07
0 0.99999976 1.8418758e-07
0 0.99999976 2.0001403e-07
0 0.99857175 0.0014282465
0 0.99999976 2.3456508e-07
0 1.0 4.3980567e-08
0 0.9999995 4.595886e-07
0 0.9999999 1.2469283e-07
1 8.838985e-06 0.9999912
0 0.9999995 4.6118498e-07
0 0.9999999 1.1941914e-07
1 5.504915e-07 0.9999994
0 0.99999964 3.794386e-07
0 0.99999964 3.6592186e-07
0 0.99999964 3.3693303e-07
1 0.0006757932 0.9993242
0 0.96638006 0.033619903
0 1.0 4.4699412e-08
0 0.9999999 6.9323235e-08
0 1.0 4.1606615e-08
0 0.9999999 7.564395e-08
0 0.9999999 1.14276595e-07
0 0.9999999 1.0931274e-07
0 1.0 3.966801e-08
0 1.0 4.575035e-08
0 1.0 5.8494166e-08
1 4.7192992e-07 0.9999995
0 0.9999999 6.115257e-08
0 1.0 3.9525492e-08
0 0.9999999 6.242653e-08
1 9.651869e-06 0.99999034
0 0.99999475 5.26036e-06
1 6.3035644e-05 0.99993694
0 0.99997485 2.5125977e-05
0 0.99953425 0.00046575197
0 0.9999939 6.0651737e-06
0 0.9999999 1.4104683e-07
1 1.2664535e-05 0.99998736
0 0.9999994 6.5448967e-07
0 1.0 3.7911956e-08
0 0.9999999 1.4524574e-07
1 8.839287e-07 0.99999917
0 1.0 2.688832e-08
0 1.0 5.3856116e-08
1 0.0024154065 0.9975846
1 0.23275289 0.7672471
0 0.9999912 8.797828e-06
0 1.0 4.0826784e-08
0 0.9999989 1.1249755e-06
0 0.99999917 7.9958187e-07
0 0.9999994 6.545577e-07
0 0.99999976 2.448196e-07
0 1.0 4.2273438e-08
0 1.0 5.802833e-08
0 0.9999999 1.6431085e-07
1 0.15149938 0.8485006
0 0.9999993 7.16397e-07
0 0.99941635 0.00058364216
0 0.99999976 2.2218322e-07
0 0.9999958 4.211934e-06
0 0.9998963 0.00010372951
0 0.9999995 4.4515977e-07
0 0.99999535 4.651099e-06
0 0.99999344 6.55055e-06
0 0.9999988 1.1610003e-06
0 0.9999999 1.2008358e-07
0 0.99999857 1.4797041e-06
1 0.00022782793 0.99977213
0 0.9999994 5.999129e-07
1 4.3453197e-06 0.9999957
0 0.9999938 6.2491144e-06
0 0.99999964 3.936217e-07
0 0.999997 3.030935e-06
0 1.0 5.670022e-08
0 0.9999999 6.1476285e-08
0 0.99999905 9.428675e-07
0 0.99999774 2.2560087e-06
0 0.99999976 1.9962091e-07
0 0.99999964 4.1101663e-07
1 2.1131578e-05 0.9999789
0 0.9999989 1.1097632e-06
0 0.99999964 4.1385647e-07
0 0.99999976 2.7794871e-07
0 0.9999999 1.156746e-07
0 1.0 5.78588e-08
0 0.99999964 3.2121136e-07
1 1.7383635e-06 0.9999982
1 1.4907336e-06 0.99999845
1 3.3134304e-06 0.99999666
0 0.9999999 1.0417593e-07
0 0.9999994 6.222195e-07
0 0.9999999 6.7590776e-08
0 0.99999964 3.6843255e-07
1 0.03266586 0.9673342
0 0.9293531 0.07064689
0 0.9999999 1.4243344e-07
1 3.536639e-07 0.99999964
0 0.9999994 5.597864e-07
0 0.9999999 7.392409e-08
1 3.6914935e-06 0.9999963
0 0.9778634 0.022136604
0 0.9999999 1.3384238e-07
0 0.9963941 0.0036058496
0 0.9999995 4.1937744e-07
0 0.9999981 1.8957145e-06
0 0.9999999 1.7575456e-07
0 0.99999976 2.0226966e-07
0 0.99999976 2.9487654e-07
0 0.99999976 2.232184e-07
0 0.98037994 0.01962008
1 0.11042003 0.88957995
0 0.99899405 0.0010059706
0 0.999997 2.9742139e-06
0 0.9999989 1.0374065e-06
0 0.99999976 2.6639876e-07
1 7.609543e-07 0.9999993
0 1.0 3.989176e-08
0 0.9999999 7.3601896e-08
0 0.9999894 1.0624003e-05
0 1.0 4.3824066e-08
0 0.9999999 8.736009e-08
0 0.9999999 1.5785233e-07
1 0.00053064583 0.99946934
0 0.9999366 6.3400425e-05
0 0.9999981 1.8631819e-06
0 0.9999999 7.424329e-08
0 1.0 3.6660122e-08
0 1.0 3.8074063e-08
0 1.0 5.3117112e-08
0 1.0 4.998807e-08
1 6.8622967e-06 0.9999931
0 0.9999846 1.5419908e-05
0 0.99999964 3.6159355e-07
0 0.99999976 2.2476881e-07
0 1.0 4.254799e-08
0 1.0 4.064637e-08
1 0.006856818 0.9931432
0 0.99999845 1.5572774e-06
1 1.897178e-07 0.99999976
0 0.9999906 9.429545e-06
0 0.99999976 2.2532899e-07
0 1.0 4.1924388e-08
0 1.0 3.4935656e-08
0 1.0 3.4574775e-08
0 1.0 5.954249e-08
0 1.0 3.259717e-08
0 1.0 3.4333077e-08
0 0.9999999 8.8986994e-08
0 1.0 3.5031874e-08
1 3.4020943e-06 0.99999654
0 0.99999344 6.5746385e-06
0 0.988831 0.011169065
0 0.99999964 4.1339575e-07
1 1.537905e-06 0.99999845
0 0.86317897 0.13682099
0 0.99999976 2.7899185e-07
0 1.0 3.8747917e-08
0 0.9999999 1.3085368e-07
0 0.9999999 9.360649e-08
0 0.9999999 6.991466e-08
0 0.9999999 1.345152e-07
0 1.0 4.293669e-08
1 1.7367645e-05 0.9999826
0 1.0 4.1019113e-08
0 0.99999964 2.998148e-07
0 1.0 3.945364e-08
1 6.691528e-07 0.9999993
0 0.9999858 1.4167239e-05
0 0.99999964 4.0553064e-07
0 1.0 4.4936115e-08
0 0.9999999 8.019641e-08
0 1.0 4.898897e-08
0 0.99999976 2.108642e-07
0 1.0 2.8654641e-08
0 1.0 4.5533586e-08
0 0.9999999 6.56562e-08
0 1.0 5.656099e-08
0 0.99998057 1.9473577e-05
1 6.8265012e-06 0.9999932
1 0.46861872 0.53138125
0 1.0 4.7736084e-08
0 0.9999999 8.6151495e-08
0 0.9999999 1.1412836e-07
0 0.9999999 6.07128e-08
0 0.9971334 0.0028666204
1 1.7139595e-05 0.99998283
0 0.9999999 7.3507906e-08
1 0.005380981 0.994619
0 0.99998105 1.898393e-05
0 0.9999949 5.1142747e-06
0 0.99999547 4.5546976e-06
0 1.0 4.457018e-08
0 0.9999974 2.5830082e-06
1 6.875043e-07 0.9999993
0 0.9999989 1.0948119e-06
0 0.9999999 7.1079896e-08
0 0.99999845 1.4927565e-06
1 0.00010941892 0.99989057
1 0.024606293 0.97539365
1 1.48056015e-05 0.9999852
0 0.9999926 7.3930105e-06
0 0.9991936 0.00080634333
1 6.027623e-06 0.9999939
0 0.99999964 3.0142198e-07
0 1.0 5.3716594e-08
0 0.9999994 6.492688e-07
0 0.99999964 3.0840494e-07
0 0.99999976 2.1561658e-07
1 1.9698496e-06 0.999998
0 0.9999974 2.6617934e-06
0 0.9999994 5.9085886e-07
0 0.9999999 1.1895926e-07
0 0.9999995 4.2352693e-07
0 0.99999976 2.7583803e-07
0 0.9999994 6.294916e-07
0 0.9999999 9.547676e-08
0 0.9999999 9.026273e-08
0 0.99999917 8.802055e-07
1 1.4868775e-06 0.99999857
0 1.0 5.4059065e-08
0 1.0 5.7960083e-08
0 0.99990475 9.517982e-05
1 8.781265e-06 0.9999912
1 2.9225544e-06 0.999997
0 0.9999943 5.7661982e-06
0 0.9999993 7.7116175e-07
0 0.99999714 2.8162708e-06
0 0.9999993 7.009304e-07
0 0.9999995 4.31318e-07
0 0.9999995 4.9595275e-07
0 0.99999976 2.533118e-07
0 0.9999999 1.3680653e-07
0 0.58400786 0.4159922
0 0.99871874 0.0012812628
1 2.467332e-06 0.9999975
0 0.9999999 1.4408327e-07
1 0.0032616556 0.9967384
0 0.9999943 5.6812373e-06
0 0.99996245 3.752116e-05
0 0.9999994 5.8431044e-07
0 0.999998 2.0132027e-06
0 0.99999917 8.370034e-07
0 0.9999999 8.47337e-08
1 2.5610823e-06 0.9999975
0 0.9999912 8.7815915e-06
0 0.99999917 8.6375394e-07
1 3.1830268e-06 0.9999968
0 0.95965683 0.040343188
1 0.21562718 0.78437287
1 0.0020995473 0.9979005
1 4.806646e-06 0.99999523
0 0.99999106 8.963463e-06
0 1.0 3.8919463e-08
0 0.9999999 6.36488e-08
0 0.997943 0.0020570476
0 0.9999999 5.9977786e-08
0 0.9999999 8.4806935e-08
0 1.0 5.4625815e-08
0 1.0 4.9089987e-08
0 0.7343984 0.2656016
0 0.99999166 8.298372e-06
0 0.9999685 3.1421412e-05
1 8.8848833e-07 0.99999917
0 0.9995907 0.00040934695
0 0.9999908 9.150664e-06
1 3.6523957e-07 0.99999964
0 1.0 4.709956e-08
0 1.0 5.044677e-08
1 0.011436541 0.9885634
1 1.0890899e-05 0.99998915
1 3.8117338e-07 0.99999964
1 1.9824148e-07 0.99999976
0 0.9999999 7.276384e-08
0 0.9999995 5.001573e-07
0 0.9999999 1.1141306e-07
0 1.0 3.8922657e-08
0 1.0 4.400465e-08
1 4.072176e-07 0.99999964
0 0.99999964 3.9121758e-07
1 3.4340286e-07 0.99999964
0 1.0 3.57584e-08
1 2.6418491e-05 0.99997354
0 0.9998166 0.00018347362
0 0.99999976 2.1659264e-07
0 0.9999999 1.1144068e-07
0 1.0 4.7313133e-08
0 0.9999999 8.741043e-08
0 0.9999999 7.874283e-08
0 0.9999999 7.4596876e-08
0 0.9797165 0.020283448
0 0.8556827 0.14431736
1 2.5402935e-07 0.99999976
0 0.99999976 2.44666e-07
0 1.0 3.684069e-08
0 1.0 5.1716906e-08
0 0.9999999 6.047195e-08
0 1.0 4.761478e-08
0 0.9999999 6.7184104e-08
0 1.0 4.8001684e-08
0 1.0 5.0225086e-08
0 0.99999976 1.9260493e-07
0 0.9999999 1.571314e-07
1 2.4633264e-05 0.9999753
0 0.99998486 1.5162905e-05
0 0.99999976 1.944509e-07
0 0.99999976 2.706569e-07
0 1.0 5.105437e-08
0 0.9999999 1.0093764e-07
0 1.0 4.330284e-08
0 0.9999999 1.05905094e-07
1 0.0041353186 0.9958646
0 0.9999993 6.6460933e-07
0 0.9999999 8.664256e-08
0 0.99999833 1.6440722e-06
0 0.9999994 5.66163e-07
1 5.916708e-07 0.9999994
0 0.9999896 1.039469e-05
0 0.99999976 2.4037212e-07
1 0.118764594 0.88123536
0 0.9999753 2.472805e-05
1 7.1367194e-06 0.99999285
1 0.033587232 0.9664128
0 0.99999964 3.137304e-07
0 0.9999999 1.3090347e-07
1 6.3912325e-06 0.99999356
0 0.9999865 1.35053915e-05
0 0.9999999 9.13492e-08
0 0.9999999 1.1450842e-07
0 1.0 4.639996e-08
0 0.9999999 7.2469795e-08
0 1.0 4.3575096e-08
0 0.9999999 8.973301e-08
1 0.0006764995 0.9993235
0 0.998517 0.0014829956
0 0.99999976 1.8748892e-07
0 0.9999999 1.0946547e-07
0 1.0 4.4671626e-08
0 0.9999999 8.72432e-08
0 0.9999999 6.269525e-08
0 0.9999999 1.0761554e-07
1 2.1041125e-05 0.9999789
1 0.0502286 0.9497714
1 1.6971396e-07 0.9999999
0 1.0 3.2396347e-08
0 0.9999999 6.5799746e-08
1 1.9968716e-07 0.99999976
0 0.9999994 5.784445e-07
0 0.9999999 1.1985911e-07
0 0.9999999 6.9592964e-08
1 5.148634e-06 0.9999949
0 0.99999416 5.801737e-06
0 0.9999995 4.4497557e-07
0 0.99999976 2.709363e-07
0 0.84651715 0.15348291
0 0.9926064 0.0073935697
0 0.9982975 0.0017025076
0 0.9119562 0.08804385
1 1.3971891e-06 0.99999857
0 0.99999964 3.7727295e-07
0 0.99999774 2.2149175e-06
0 0.999997 2.9940984e-06
1 0.0029109214 0.9970891
1 0.046806987 0.95319295
0 0.99999774 2.2099568e-06
0 0.9999021 9.790541e-05
0 0.9999999 1.1408027e-07
0 0.9999999 1.02694514e-07
1 5.391804e-05 0.9999461
0 0.99747473 0.0025252576
0 0.9999999 1.3698526e-07
1 0.24211918 0.7578808
1 0.2782691 0.72173095
0 0.99999976 1.9121363e-07
0 0.9999999 1.0470342e-07
0 0.99999976 2.5554434e-07
1 1.213154e-05 0.99998784
0 0.9999989 1.0370859e-06
0 0.9999999 1.1615847e-07
0 0.9999995 4.2431367e-07
0 0.99988365 0.00011630952
0 0.9999807 1.9294543e-05
0 0.94552255 0.054477498
0 0.9997687 0.00023137162
0 0.99999905 9.0145545e-07
0 0.99999857 1.4095608e-06
0 0.9999999 1.5715446e-07
0 0.9999881 1.1950079e-05
0 0.9999993 7.2890793e-07
0 0.9959721 0.0040279147
0 0.996849 0.0031510198
0 0.99999964 3.596134e-07
0 0.9999999 7.493913e-08
0 0.9999856 1.445526e-05
0 0.9999995 4.740147e-07
0 0.999979 2.102458e-05
0 0.99999785 2.1545432e-06
0 0.9999994 6.4432004e-07
0 0.99999845 1.5213553e-06
0 0.99999857 1.4212044e-06
0 0.9999864 1.3596006e-05
0 0.9999995 5.154153e-07
0 0.99999785 2.1458384e-06
0 0.99999857 1.4052805e-06
0 0.99999964 3.1820417e-07
0 0.9999995 5.0115517e-07
0 0.999998 1.9912097e-06
0 0.9999995 4.99732e-07
0 0.9999926 7.3491046e-06
0 0.9999994 5.7925376e-07
0 0.99999976 2.9021274e-07
0 0.9999893 1.0674162e-05
0 0.992736 0.0072640604
0 0.9999999 1.1991925e-07
0 0.99999964 3.8200199e-07
0 0.99973077 0.0002691751
1 0.0011280703 0.99887186
0 0.9999999 1.6968434e-07
0 1.0 5.7149613e-08
1 9.700931e-07 0.99999905
0 1.0 4.3650296e-08
0 0.9999989 1.0777787e-06
0 0.99999964 3.460272e-07
0 1.0 4.463364e-08
0 0.9999999 1.1764377e-07
0 0.99999976 2.6704436e-07
0 1.0 5.2522513e-08
0 0.9999999 7.298248e-08
0 0.9999999 6.1192246e-08
0 0.9999999 6.5110235e-08
1 1.2158352e-05 0.99998784
0 0.9999999 6.820254e-08
0 0.99997425 2.5761377e-05
0 0.9999907 9.305887e-06
0 0.9999999 1.3598665e-07
0 0.9999999 8.28427e-08
0 0.9999999 6.2579964e-08
0 0.9999999 9.628287e-08
0 1.0 5.537282e-08
0 0.9999999 9.1122104e-08
0 1.0 4.30524e-08
1 1.44239175e-05 0.9999856
0 0.99999976 1.9998389e-07
1 0.029367603 0.9706324
0 0.9999697 3.0261459e-05
0 0.9999938 6.2099634e-06
0 0.9999714 2.8573775e-05
0 0.9999999 1.2010305e-07
0 0.9999995 4.2007392e-07
0 0.9999999 1.0295694e-07
0 0.9999999 1.3344574e-07
0 0.99999964 3.781288e-07
0 1.0 5.831548e-08
0 1.0 3.186101e-08
0 0.9999988 1.200747e-06
1 9.834885e-07 0.99999905
0 0.9999999 1.643845e-07
0 0.99999976 2.7074776e-07
0 1.0 4.0915186e-08
0 1.0 4.2587935e-08
0 0.9999999 1.3978634e-07
0 1.0 3.80398e-08
0 0.996698 0.0033019858
0 0.9999995 4.2824968e-07
0 0.9999974 2.6628902e-06
0 0.9997025 0.00029750317
0 0.9999999 1.0735088e-07
0 0.9999999 7.861692e-08
1 1.3877449e-06 0.99999857
0 0.9966497 0.003350347
1 0.0013028218 0.9986972
1 5.6094397e-08 1.0
0 0.9999999 1.3630346e-07
0 0.9999999 7.111732e-08
0 1.0 5.320492e-08
0 0.9999969 3.127081e-06
1 2.728392e-05 0.9999727
0 0.99999607 3.974723e-06
0 0.83707607 0.1629239
0 1.0 3.2949597e-08
0 0.99999785 2.1772598e-06
0 0.9999999 6.556748e-08
0 0.9351978 0.06480222
0 0.9997446 0.00025545395
1 0.0072705722 0.99272937
0 0.9980902 0.0019097615
0 0.9999995 4.3189343e-07
0 0.9999999 7.847579e-08
0 0.99999774 2.243772e-06
0 0.99999976 2.885841e-07
0 0.9999999 1.7598167e-07
0 0.6042962 0.39570376
0 0.99999964 3.9462637e-07
0 1.0 3.8569624e-08
0 1.0 3.6223135e-08
0 1.0 3.5147124e-08
0 0.99999976 2.37736e-07
0 0.9999999 6.5196474e-08
0 1.0 3.740693e-08
0 0.99945873 0.00054130226
1 6.5198925e-05 0.9999348
0 1.0 4.3644718e-08
0 0.9999999 6.5473124e-08
0 1.0 3.86673e-08
0 1.0 4.5869534e-08
0 1.0 5.191437e-08
0 1.0 3.776754e-08
0 1.0 4.0487517e-08
0 1.0 4.8511314e-08
0 1.0 3.733465e-08
0 0.9998971 0.00010280916
0 0.99999964 3.8929343e-07
0 0.9999994 5.576455e-07
0 0.99999964 3.61056e-07
0 0.93128145 0.06871854
0 0.9999999 7.480575e-08
1 0.012974343 0.9870257
0 0.9963217 0.0036783272
0 0.9999989 1.033356e-06
0 0.9999299 7.012957e-05
0 0.99999964 3.1961812e-07
1 0.015189378 0.9848106
0 0.99999857 1.4404633e-06
1 0.08475286 0.91524714
0 0.9985266 0.0014734259
1 9.414432e-06 0.9999906
0 0.9999949 5.0836693e-06
0 0.9999994 6.2943997e-07
1 4.6052108e-05 0.999954
0 0.8026361 0.19736391
0 0.7367785 0.2632215
0 0.9997483 0.00025176464
0 0.99999964 3.9595332e-07
0 0.9999999 1.0414116e-07
0 0.99999917 7.915465e-07
0 0.9999999 1.5030676e-07
0 0.99999714 2.803355e-06
0 0.9999994 6.170242e-07
1 0.0027795474 0.9972204
0 0.99999964 4.066832e-07
0 0.99999976 2.4838295e-07
0 0.99999964 3.55881e-07
0 1.0 4.000308e-08
0 0.9999999 8.567366e-08
0 0.9999405 5.942411e-05
0 0.99999964 3.4358595e-07
0 0.94394916 0.056050796
0 0.9999808 1.9165731e-05
1 1.0351516e-07 0.9999999
0 0.9999994 6.0534734e-07
0 0.9999999 1.2755869e-07
0 0.9999999 1.0923438e-07
0 1.0 3.5874674e-08
0 0.9999999 6.657893e-08
0 0.99999726 2.7995186e-06
0 0.9984756 0.0015243872
0 0.9999999 1.1412412e-07
0 1.0 5.204544e-08
0 0.9999999 8.399287e-08
0 0.99999964 4.12107e-07
0 0.9999999 8.440463e-08
0 0.999995 5.0099356e-06
0 0.9999999 1.335569e-07
0 0.7006307 0.29936928
0 0.9999994 5.9060307e-07
0 0.9999999 9.6959944e-08
0 0.9999993 6.985461e-07
0 0.9999827 1.7327793e-05
0 0.99999845 1.5000332e-06
0 1.0 2.4741121e-08
1 0.05390858 0.9460915
0 0.9999993 6.693289e-07
0 0.9997794 0.00022058615
0 0.6276118 0.37238815
0 0.9999999 1.7752114e-07
0 0.9999995 4.9859904e-07
0 0.99999833 1.6788794e-06
0 0.99889225 0.0011077266
1 0.0029041476 0.9970958
1 9.6694194e-08 0.9999999
0 0.9999871 1.28719585e-05
0 1.0 5.3917574e-08
0 1.0 4.3163976e-08
0 1.0 4.521096e-08
1 5.465288e-06 0.9999945
0 0.99999905 8.9466715e-07
0 0.99999976 1.8154901e-07
0 1.0 4.342111e-08
0 1.0 4.8952636e-08
0 0.9999999 8.027767e-08
1 4.3905166e-05 0.99995613
0 0.99884593 0.0011540756
0 1.0 4.5822837e-08
1 8.819569e-08 0.9999999
0 0.99999833 1.661296e-06
0 1.0 3.5761744e-08
0 0.9999999 1.1653628e-07
0 1.0 5.6879703e-08
0 1.0 3.350802e-08
0 0.9999999 9.6164854e-08
0 1.0 3.4503955e-08
0 1.0 2.412829e-08
0 1.0 3.51714e-08
0 1.0 3.5249844e-08
0 1.0 3.6833733e-08
0 0.9999999 7.834911e-08
0 1.0 4.53373e-08
1 5.6775927e-05 0.99994326
0 0.9999994 6.1770425e-07
0 0.9999999 8.595552e-08
0 0.9999999 8.379094e-08
0 0.99999964 3.9700598e-07
0 0.9999999 6.257674e-08
0 1.0 3.827137e-08
0 1.0 4.208021e-08
0 0.99999964 4.0589512e-07
1 3.5080734e-06 0.99999654
0 0.99999833 1.639258e-06
0 0.90663826 0.093361735
0 0.9999615 3.847357e-05
0 0.9999989 1.0431486e-06
0 0.99999976 2.1208679e-07
0 0.99999976 2.5776754e-07
0 0.99999976 2.1219482e-07
0 1.0 3.270366e-08
0 1.0 4.7407077e-08
0 1.0 3.939912e-08
0 1.0 5.0587158e-08
0 0.9999999 9.220941e-08
1 0.017024653 0.9829753
0 0.99986017 0.00013978209
0 0.9999999 8.4168306e-08
1 2.6238567e-05 0.9999738
0 0.9999999 1.708846e-07
0 1.0 4.6098357e-08
0 0.9999999 6.3874396e-08
0 1.0 4.0906915e-08
1 1.0881661e-07 0.9999999
0 0.9999993 6.6183264e-07
0 1.0 4.5238394e-08
0 1.0 3.976831e-08
0 0.91859555 0.08140447
0 0.9999995 4.826494e-07
1 5.702504e-05 0.999943
0 0.9999989 1.0951513e-06
0 0.9999999 1.254652e-07
1 1.8142697e-06 0.9999982
0 0.68322515 0.31677482
0 0.9999999 7.7914265e-08
0 0.9999999 1.002194e-07
0 1.0 3.35629e-08
0 0.9998072 0.00019286053
0 0.9997557 0.0002443735
0 0.9999931 6.9699363e-06
0 0.9999995 4.811544e-07
0 0.99999976 2.4457316e-07
0 0.99999404 5.9886156e-06
1 0.0019053257 0.9980946
1 9.932557e-08 0.9999999
0 0.99978954 0.00021050559
0 0.9999999 7.09722e-08
0 0.9999999 7.909113e-08
1 0.04972622 0.95027375
0 0.99999964 4.0514485e-07
1 1.1938355e-06 0.9999988
0 0.9999999 1.3877869e-07
0 0.95454824 0.045451716
0 0.9999987 1.272478e-06
0 1.0 3.8683968e-08
0 0.99999964 3.18017e-07
0 1.0 4.504295e-08
1 3.8106376e-05 0.99996185
0 0.9999993 7.439056e-07
0 0.9999995 4.578326e-07
1 1.929531e-06 0.9999981
0 0.9999999 1.7110051e-07
0 0.9999999 8.99158e-08
1 2.0028905e-08 1.0
0 1.0 2.5074002e-08
0 1.0 2.5834336e-08
0 0.9999999 7.059485e-08
0 0.9999999 1.5908977e-07
0 0.9996338 0.0003662217
0 0.81870764 0.18129237
0 0.99999964 3.2916032e-07
0 0.99999964 3.4233364e-07
0 0.99997497 2.5088484e-05
1 0.31708005 0.6829199
0 0.99999774 2.3073817e-06
0 0.9999999 1.6942369e-07
1 1.9926074e-05 0.9999801
0 0.99999976 1.8417828e-07
0 0.9999999 1.1556413e-07
0 1.0 3.944837e-08
1 2.2015065e-05 0.99997795
0 0.9999908 9.20184e-06
0 0.9999995 4.726695e-07
0 1.0 2.91836e-08
0 0.99999976 1.9930475e-07
0 0.9999999 1.4160888e-07
1 2.527033e-06 0.9999975
0 1.0 4.0582535e-08
0 1.0 3.7982236e-08
1 1.292741e-06 0.9999987
0 0.9999994 6.1997457e-07
0 0.9999999 7.816194e-08
0 1.0 4.6044494e-08
0 0.9999999 8.135295e-08
0 0.9999999 8.495945e-08
0 1.0 4.02827e-08
0 1.0 3.935751e-08
0 0.9999999 1.311703e-07
0 0.6133995 0.3866005
0 0.99999774 2.2363633e-06
0 0.9999999 7.3440354e-08
0 0.9999999 9.4897224e-08
1 0.13331786 0.8666822
0 0.99999917 8.647232e-07
0 0.9999995 4.1849847e-07
0 0.9999999 1.6103478e-07
0 1.0 4.805637e-08
1 8.400155e-06 0.99999166
1 7.4365664e-07 0.9999993
0 0.9999908 9.122519e-06
0 0.9118553 0.0881447
1 2.7263454e-06 0.99999726
0 0.9999969 3.1365703e-06
0 0.9999999 1.3602504e-07
