1 6.344555e-05 0.9999366
0 0.99995565 4.436438e-05
1 2.2189739e-05 0.9999778
0 0.9984182 0.0015817379
0 0.99999917 8.089925e-07
1 0.0015311256 0.9984688
0 0.999951 4.897487e-05
0 0.9999714 2.8598608e-05
0 0.99985504 0.00014498192
0 0.99999964 3.626441e-07
1 4.4326544e-06 0.9999956
0 0.99999297 7.017765e-06
0 0.99999917 8.9339517e-07
0 0.9999995 4.4920387e-07
0 0.9999987 1.3252566e-06
0 0.9999999 1.347967e-07
0 0.99999976 2.1934356e-07
1 0.00011560088 0.99988437
0 0.999984 1.5988959e-05
0 0.9999914 8.56919e-06
0 0.99996805 3.1953517e-05
0 0.9999995 4.5417832e-07
1 1.2596014e-06 0.9999987
0 0.9999995 4.5386005e-07
0 0.99999964 3.3988437e-07
0 0.99999964 3.588241e-07
1 5.1146668e-05 0.99994886
0 0.99643964 0.0035602886
0 0.90163296 0.09836706
1 1.755329e-06 0.9999982
0 0.9999989 1.0276442e-06
0 0.9999994 6.21579e-07
0 0.99999964 3.0759364e-07
1 5.5860637e-06 0.9999944
0 0.99999976 1.8812153e-07
0 0.99999845 1.5958241e-06
0 0.99998975 1.027655e-05
1 0.36790866 0.63209134
0 0.6632624 0.3367376
1 0.053396847 0.9466032
1 4.4244107e-06 0.9999956
0 0.9999969 3.0988901e-06
0 0.99999285 7.1719114e-06
1 1.6406752e-07 0.9999999
0 1.0 3.6198408e-08
0 1.0 5.0043116e-08
1 1.1942218e-05 0.9999881
0 0.9999956 4.4321473e-06
0 0.99985194 0.00014801421
0 0.99999964 3.2353526e-07
0 0.98638654 0.013613406
0 0.99998355 1.6454824e-05
0 0.99993026 6.9718284e-05
1 2.2837337e-05 0.9999771
0 0.99999964 3.2240243e-07
0 0.935718 0.06428201
1 0.30469117 0.69530886
0 0.99562377 0.0043762242
0 0.99998856 1.145482e-05
1 7.163824e-06 0.99999285
0 0.99999976 1.9471385e-07
0 0.9999994 6.2531876e-07
0 0.9999999 7.212849e-08
0 0.8907836 0.109216414
0 0.99999 1.0039721e-05
0 0.9960096 0.003990396
0 0.99999857 1.4577182e-06
0 0.99999905 9.276833e-07
0 0.999998 2.0628988e-06
0 0.99999964 3.4414083e-07
0 0.9999999 7.650585e-08
0 0.9999994 5.729444e-07
0 0.99999976 1.9974658e-07
1 0.0184894 0.9815106
0 0.99999726 2.778514e-06
0 0.99999535 4.646037e-06
0 0.9999995 5.300922e-07
0 0.9999994 6.177573e-07
0 0.99999964 3.246018e-07
0 0.9999995 4.246294e-07
0 0.9999999 7.089548e-08
0 0.99999964 3.408169e-07
0 0.9999999 9.563094e-08
1 6.195489e-06 0.9999938
0 0.9999999 5.978704e-08
0 0.9999999 1.2932414e-07
0 0.9999105 8.950642e-05
0 0.99999106 8.96832e-06
0 0.9999995 4.4102455e-07
0 0.9999869 1.3133069e-05
1 2.4239373e-05 0.9999758
0 0.9998148 0.00018526867
0 0.999956 4.402528e-05
1 4.0653896e-07 0.99999964
0 1.0 4.038494e-08
0 1.0 4.6566285e-08
1 0.0006866899 0.99931335
0 0.9999919 8.165318e-06
0 0.9503886 0.04961138
0 0.9999994 6.4514944e-07
0 0.9999988 1.240912e-06
0 0.9999571 4.2899388e-05
0 0.99999857 1.3885153e-06
1 0.009767822 0.99023217
0 0.99999976 2.5897245e-07
0 0.9999982 1.7449559e-06
0 0.9999987 1.2688475e-06
0 0.99999964 3.2883116e-07
0 0.9999999 1.5076458e-07
0 0.99999833 1.6616256e-06
0 0.9999995 5.1511455e-07
0 0.9999243 7.5695716e-05
0 0.9999994 5.7818966e-07
0 0.9999999 1.4835784e-07
0 0.9999999 6.156358e-08
0 0.9999863 1.3748807e-05
0 0.99999976 1.965883e-07
0 0.99999976 2.8170933e-07
0 0.99999964 3.701544e-07
1 0.00016917622 0.99983084
0 0.83596486 0.1640352
0 0.9999999 1.5123865e-07
1 0.010575686 0.9894243
0 0.9999995 5.3285305e-07
0 0.99999917 8.423896e-07
0 0.9999995 5.2485063e-07
0 0.999974 2.5960697e-05
0 0.9974915 0.0025085385
0 0.9999924 7.5855482e-06
0 0.99999976 2.43991e-07
0 0.9999975 2.482499e-06
0 0.99999917 7.777408e-07
1 0.00010781244 0.99989223
0 0.9999993 7.116786e-07
0 0.99999666 3.3455033e-06
1 5.3717895e-06 0.99999464
0 0.9999895 1.0502245e-05
0 0.99999785 2.1422804e-06
0 0.9999981 1.9505524e-06
1 0.0004077933 0.99959224
0 0.99875677 0.0012432046
0 0.9999999 1.7088493e-07
0 0.9999995 4.956412e-07
0 0.9999999 1.13448515e-07
0 0.9999995 4.9205806e-07
0 0.9999988 1.1743957e-06
0 0.99999917 8.6911496e-07
0 0.9999999 8.9524434e-08
0 0.9999999 6.398914e-08
0 0.99999976 2.4853082e-07
1 1.2991319e-06 0.9999987
0 0.9999993 6.636238e-07
0 0.99999976 2.6335238e-07
0 0.99999964 4.0102321e-07
1 0.00015989988 0.99984
0 0.9999218 7.816923e-05
1 0.00029558656 0.9997044
0 0.9980545 0.0019455318
0 0.9997868 0.0002132697
0 0.9999596 4.0357078e-05
0 0.99999845 1.5135552e-06
1 0.0002462742 0.9997538
0 0.9999932 6.7624173e-06
0 0.99999976 1.8711829e-07
0 0.99999523 4.7527037e-06
1 8.303938e-06 0.99999166
0 1.0 5.0484594e-08
0 0.99999976 2.9337926e-07
1 0.015684865 0.9843151
1 0.26435375 0.73564625
1 0.19939305 0.8006069
0 0.99999976 2.7913373e-07
0 0.9999485 5.1511626e-05
0 0.9999951 4.8645106e-06
0 0.9999949 5.1766538e-06
0 0.99999845 1.5917248e-06
0 0.99999976 1.9628332e-07
0 0.99999964 3.5055075e-07
0 0.9999989 1.1038292e-06
0 0.64186144 0.3581386
0 0.9999703 2.9718536e-05
0 0.90406615 0.095933884
0 0.99998856 1.1503184e-05
0 0.9998902 0.00010979068
0 0.9989312 0.0010687485
0 0.9999584 4.1650685e-05
0 0.99969435 0.00030570722
0 0.999941 5.896046e-05
0 0.99998224 1.7764723e-05
0 0.9999976 2.3339835e-06
0 0.9999893 1.0785061e-05
1 0.0012669573 0.9987331
0 0.99997747 2.2555167e-05
1 9.7619566e-05 0.99990237
0 0.99998343 1.6616365e-05
0 0.9999777 2.2300837e-05
0 0.9997336 0.00026636588
0 0.9999993 7.232176e-07
0 0.9999994 6.3648434e-07
0 0.9999709 2.9080724e-05
0 0.9999578 4.216639e-05
0 0.99999857 1.4884267e-06
0 0.99999714 2.8408504e-06
1 0.00011404689 0.9998859
0 0.99993515 6.4904394e-05
0 0.999992 7.948864e-06
0 0.99999297 6.9750954e-06
0 0.99999857 1.420245e-06
0 0.9999993 7.5698784e-07
0 0.99999464 5.415563e-06
1 2.1856564e-05 0.9999782
1 5.3078693e-06 0.99999464
1 2.6192265e-05 0.9999738
0 0.99999785 2.1828046e-06
0 0.9999429 5.710732e-05
0 0.99999833 1.706307e-06
0 0.9999974 2.6510568e-06
1 0.47408497 0.525915
0 0.9874894 0.01251062
0 0.9999989 1.0202463e-06
1 5.8714313e-06 0.99999416
0 0.99999225 7.748855e-06
0 0.9999994 6.405343e-07
1 0.00013963818 0.9998603
0 0.9843721 0.015627913
0 0.99999225 7.755072e-06
0 0.98816746 0.011832525
0 0.9999913 8.646748e-06
0 0.99995553 4.4412885e-05
0 0.99999726 2.6953355e-06
0 0.99998724 1.27096755e-05
0 0.9999918 8.256464e-06
0 0.99999714 2.8038096e-06
0 0.8753316 0.12466841
1 0.45876768 0.5412323
0 0.95823944 0.041760597
0 0.999926 7.405104e-05
0 0.9999459 5.4154978e-05
0 0.9999938 6.1756855e-06
1 6.876512e-06 0.9999931
0 0.9999999 8.1662634e-08
0 0.9999994 5.769162e-07
0 0.99980515 0.00019484379
0 0.9999999 1.1953583e-07
0 0.9999995 5.217027e-07
0 0.99999654 3.4214472e-06
1 0.0024558008 0.9975442
0 0.9985612 0.0014387915
0 0.9998282 0.00017174307
0 0.9999988 1.2412422e-06
0 0.99999964 2.9873792e-07
0 0.99999905 9.250127e-07
0 0.9999995 4.362337e-07
0 0.9999993 7.4961e-07
1 2.3485556e-05 0.9999765
0 0.99991524 8.476755e-05
0 0.9999733 2.66697e-05
0 0.99999833 1.6688896e-06
0 0.9999999 6.730274e-08
0 0.9999999 1.7029372e-07
1 3.4662367e-05 0.9999653
0 0.99997115 2.8897464e-05
1 1.3825112e-06 0.99999857
0 0.9998796 0.00012042539
0 0.99999726 2.7957512e-06
0 0.9999999 6.529703e-08
0 0.9999999 1.07254074e-07
0 0.9999999 7.005215e-08
0 0.9999993 7.667968e-07
0 1.0 3.246439e-08
0 0.9999999 1.5322145e-07
0 0.9999994 5.6946243e-07
0 0.9999999 1.2640452e-07
1 1.7912898e-05 0.9999821
0 0.9994567 0.0005432542
0 0.981676 0.018324045
0 0.9999968 3.229362e-06
1 6.754554e-06 0.9999932
0 0.9866676 0.013332485
0 0.9999987 1.3665583e-06
0 0.99999976 2.1824934e-07
0 0.999998 2.0034747e-06
0 0.9999995 4.6983993e-07
0 0.9999994 5.621322e-07
0 0.9999995 5.306815e-07
0 0.9999999 1.1686326e-07
1 1.6097401e-05 0.9999839
0 0.99999976 2.3614139e-07
0 0.99999666 3.3050167e-06
0 0.99999976 2.48893e-07
1 2.9051587e-06 0.99999714
0 0.99977714 0.00022291017
0 0.9999964 3.5898197e-06
0 0.99999976 1.84635e-07
0 0.9999995 4.9408095e-07
0 0.99999976 2.6743072e-07
0 0.99999726 2.796114e-06
0 1.0 3.663894e-08
0 0.9999995 4.4380164e-07
0 0.99999964 4.1716166e-07
0 0.99999964 3.3827368e-07
0 0.99973613 0.00026388062
1 8.002281e-05 0.99992
1 0.45444855 0.5455514
0 0.9999999 1.7131507e-07
0 0.99999917 8.325064e-07
0 0.9999989 1.0633009e-06
0 0.99999976 2.853504e-07
0 0.98694766 0.013052344
1 7.064291e-05 0.9999293
0 0.99999833 1.6790235e-06
1 0.0028436775 0.99715626
0 0.9997962 0.00020378185
0 0.99982446 0.00017550946
0 0.99973315 0.0002668048
0 0.9999989 1.0858104e-06
0 0.99988246 0.000117520256
1 9.681101e-06 0.99999034
0 0.9996798 0.00032016484
0 0.99999905 9.680875e-07
0 0.99994457 5.5403852e-05
1 0.00040721256 0.99959284
0 0.8978175 0.102182455
1 0.00021217344 0.99978787
0 0.9963224 0.0036775633
0 0.99691236 0.0030875716
1 1.4772473e-05 0.9999852
0 0.9999987 1.2880942e-06
0 0.99999976 2.0769825e-07
0 0.99998784 1.2167631e-05
0 0.9999987 1.2719321e-06
0 0.9999995 4.2021014e-07
1 9.825914e-06 0.9999902
0 0.9999931 6.9139946e-06
0 0.9999956 4.359889e-06
0 0.9999975 2.4724575e-06
0 0.9999925 7.452273e-06
0 0.99999857 1.4727676e-06
0 0.999987 1.3029786e-05
0 0.9999994 6.0135807e-07
0 0.99999976 2.9507234e-07
0 0.99999535 4.6916525e-06
1 5.2895975e-06 0.99999475
0 0.9999999 6.482474e-08
0 0.9999994 6.011545e-07
0 0.9476821 0.052317858
1 5.6029752e-05 0.999944
1 1.8021961e-05 0.999982
0 0.9999832 1.6856056e-05
0 0.999995 5.036658e-06
0 0.9999199 8.013033e-05
0 0.9999856 1.4478285e-05
0 0.99999666 3.3317833e-06
0 0.9999821 1.7903776e-05
0 0.99999857 1.4113875e-06
0 0.9999994 5.7047237e-07
0 0.76247525 0.23752473
0 0.9732035 0.0267965
1 8.532493e-06 0.9999914
0 0.9999988 1.2054892e-06
1 0.025603844 0.97439617
0 0.99991214 8.789791e-05
0 0.9943739 0.0056260885
0 0.999997 3.039529e-06
0 0.9999943 5.7569346e-06
0 0.99996626 3.3758562e-05
0 0.9999987 1.3565665e-06
1 1.4882229e-05 0.9999851
0 0.999938 6.201536e-05
0 0.9999839 1.6111238e-05
1 6.0029444e-05 0.9999399
0 0.92889404 0.07110591
1 0.000104387975 0.9998956
1 0.43385303 0.56614697
1 1.793854e-05 0.9999821
0 0.99992394 7.602189e-05
0 0.99999976 1.8091228e-07
0 0.9999995 4.221317e-07
0 0.9934818 0.0065181283
0 0.99999964 3.7887744e-07
0 0.9999993 6.938771e-07
0 0.99999905 9.968121e-07
0 0.99999964 4.0952278e-07
0 0.7799947 0.22000527
0 0.9996567 0.0003433532
0 0.9994641 0.00053587096
1 1.1014359e-05 0.99998903
0 0.9988739 0.0011260663
0 0.9999424 5.757688e-05
1 3.4667363e-07 0.99999964
0 0.9999999 7.5690565e-08
0 1.0 4.4104727e-08
1 0.005453794 0.9945462
1 0.00030238158 0.9996977
1 2.0897846e-06 0.99999785
1 1.3934033e-06 0.99999857
0 0.9999988 1.1416695e-06
0 0.9999945 5.4974994e-06
0 0.9999988 1.1901003e-06
0 0.99999976 2.2168499e-07
0 0.9999999 1.7213307e-07
1 9.709056e-07 0.99999905
0 0.9999975 2.5274476e-06
1 9.923276e-07 0.99999905
0 0.99999964 3.9740792e-07
1 0.000100330195 0.9998996
0 0.99984443 0.00015553487
0 0.9999995 4.660885e-07
0 0.99999964 4.097009e-07
0 0.9999999 1.2654345e-07
0 0.99999964 3.5393754e-07
0 0.9999999 1.6254842e-07
0 0.9999995 4.382022e-07
0 0.8611187 0.1388813
0 0.98140246 0.018597556
1 9.107629e-06 0.99999094
0 0.9999949 5.1250654e-06
0 0.99999976 2.6566656e-07
0 0.99999964 3.7808408e-07
0 0.9999995 4.7498764e-07
0 0.99999976 2.1949965e-07
0 0.9999993 7.174088e-07
0 1.0 5.2385847e-08
0 0.9999999 1.4715138e-07
0 0.99999845 1.5589432e-06
0 0.9999962 3.7657449e-06
1 0.00022673229 0.9997733
0 0.9998492 0.00015074525
0 0.9999969 3.0828135e-06
0 0.9999963 3.6857598e-06
0 0.99999964 3.1718676e-07
0 0.99999905 9.266656e-07
0 0.99999976 2.196479e-07
0 0.99999785 2.1630397e-06
1 0.11586225 0.88413775
0 0.9999949 5.121489e-06
0 0.99999774 2.2146744e-06
0 0.9999764 2.3609244e-05
0 0.99999356 6.450722e-06
1 5.044945e-06 0.999995
0 0.9998211 0.00017890989
0 0.9999945 5.470915e-06
1 0.037981097 0.96201897
0 0.9988262 0.0011737646
1 0.00021484203 0.9997851
0 0.9927187 0.0072812736
0 0.9999987 1.2711947e-06
0 0.99999785 2.1415062e-06
1 7.739871e-05 0.99992263
0 0.9998667 0.00013330746
0 0.99999917 7.8510953e-07
0 0.9999988 1.1684737e-06
0 0.99999976 1.9409018e-07
0 0.9999995 4.7844554e-07
0 0.99999976 1.9636981e-07
0 0.9999988 1.1836192e-06
1 0.00043636604 0.99956363
0 0.99957246 0.00042756848
0 0.99999845 1.5388424e-06
0 0.99999917 8.1384593e-07
0 0.99999976 1.8852761e-07
0 0.9999994 6.1069585e-07
0 0.99999976 2.489516e-07
0 0.9999987 1.3017525e-06
1 0.017417673 0.98258233
1 0.011349782 0.9886502
1 2.2801508e-07 0.99999976
0 0.9999999 8.347923e-08
0 0.99999964 3.8340642e-07
1 1.8140967e-06 0.9999982
0 0.99999666 3.3094923e-06
0 0.9999994 6.523162e-07
0 0.9999994 6.4229914e-07
1 6.80155e-05 0.99993193
0 0.999944 5.6075398e-05
0 0.99999714 2.853117e-06
0 0.99999774 2.286035e-06
0 0.85959476 0.14040522
0 0.99215466 0.007845314
0 0.99979633 0.00020370726
0 0.99032426 0.009675762
1 7.3303318e-06 0.9999927
0 0.99999917 8.6320557e-07
0 0.99997795 2.2105234e-05
0 0.9998479 0.00015211554
1 0.0127923265 0.9872077
1 0.009052491 0.9909474
0 0.9999752 2.4791965e-05
0 0.99811053 0.0018894523
0 0.99999905 9.175482e-07
0 0.999998 1.9895886e-06
1 0.0022435274 0.99775654
0 0.9840702 0.015929855
0 0.9999994 6.3966934e-07
1 0.06455753 0.93544245
0 0.87938523 0.12061473
0 0.9999989 1.0307635e-06
0 0.99999785 2.1021617e-06
0 0.999997 3.0366318e-06
1 0.00018682354 0.99981326
0 0.99988246 0.00011754043
0 0.99999166 8.314334e-06
0 0.9999846 1.5400112e-05
0 0.9971426 0.002857307
0 0.9999558 4.4232576e-05
1 0.35190728 0.64809275
0 0.99960905 0.0003909943
0 0.9999747 2.5247995e-05
0 0.99999523 4.784766e-06
0 0.999998 2.0056293e-06
0 0.9987557 0.0012443182
0 0.99999213 7.922512e-06
0 0.98588204 0.014117973
0 0.9856355 0.0143644335
0 0.9999918 8.183669e-06
0 0.9999995 5.2081987e-07
0 0.9999262 7.380506e-05
0 0.99998856 1.1428173e-05
0 0.9991899 0.0008100781
0 0.9999547 4.533393e-05
0 0.99998033 1.970701e-05
0 0.99994886 5.1157254e-05
0 0.99998975 1.02949325e-05
0 0.99952173 0.00047825393
0 0.9999871 1.2933544e-05
0 0.99994504 5.5004184e-05
0 0.9999932 6.736259e-06
0 0.9999889 1.1042555e-05
0 0.9999881 1.1907829e-05
0 0.9999294 7.056306e-05
0 0.99998593 1.4055946e-05
0 0.9995346 0.00046545904
0 0.99999344 6.517026e-06
0 0.99999607 3.948951e-06
0 0.999374 0.000626111
0 0.89475393 0.10524612
0 0.9999993 6.7832144e-07
0 0.99999845 1.5561311e-06
0 0.989389 0.01061093
1 0.0008688656 0.99913114
0 0.9999974 2.6279642e-06
0 0.99999964 3.8208907e-07
1 9.514182e-06 0.99999046
0 0.99999964 3.3792836e-07
0 0.9999721 2.788158e-05
0 0.9999963 3.689354e-06
0 0.99999976 2.0839367e-07
0 0.9999993 7.1316174e-07
0 0.99999714 2.8798636e-06
0 0.99999964 3.8019493e-07
0 0.99999917 8.485951e-07
0 0.99999964 3.2381647e-07
0 0.9999994 5.652475e-07
1 2.5659061e-05 0.99997437
0 0.9999994 5.8425917e-07
0 0.9997807 0.00021933642
0 0.9999268 7.317644e-05
0 0.99999905 1.0019626e-06
0 0.9999994 5.8954737e-07
0 0.99999964 3.6533783e-07
0 0.9999993 6.977218e-07
0 0.99999976 2.068031e-07
0 0.9999995 4.6655322e-07
0 0.9999999 1.718467e-07
1 0.0001083682 0.99989164
0 0.99999404 5.9916433e-06
1 0.044675305 0.9553247
0 0.9994727 0.0005273095
0 0.9994473 0.0005527423
0 0.99958783 0.00041216324
0 0.99999905 9.869517e-07
0 0.9999974 2.669168e-06
0 0.9999981 1.8867073e-06
0 0.99999785 2.0932832e-06
0 0.99999666 3.319329e-06
0 0.99999976 2.8678542e-07
0 0.99999976 2.0141019e-07
0 0.99999654 3.4311126e-06
1 9.338016e-06 0.9999907
0 0.99999905 9.456654e-07
0 0.99999607 3.8893595e-06
0 0.9999999 1.1840375e-07
0 0.9999999 1.6230445e-07
0 0.9999994 5.502811e-07
0 0.9999999 8.987997e-08
0 0.9309626 0.06903742
0 0.999966 3.4005418e-05
0 0.999877 0.00012306053
0 0.9987128 0.0012872276
0 0.9999994 6.438581e-07
0 0.99999964 4.1046823e-07
1 5.3598615e-06 0.99999464
0 0.9899329 0.010067156
1 0.045686394 0.9543136
1 1.8680143e-07 0.99999976
0 0.9999982 1.7402793e-06
0 0.99999976 2.8141827e-07
0 0.9999999 1.5670369e-07
0 0.99914765 0.0008523043
1 6.876543e-05 0.9999312
0 0.99995244 4.7524674e-05
0 0.9846735 0.015326448
0 0.99999976 2.436341e-07
0 0.99979955 0.0002004782
0 0.9999982 1.7636265e-06
0 0.99384016 0.0061599156
0 0.9984738 0.0015261299
1 0.00016203607 0.999838
0 0.9963458 0.0036541475
0 0.99999905 1.0028583e-06
0 0.9999993 7.6536634e-07
0 0.99999714 2.8924476e-06
0 0.9999958 4.214425e-06
0 0.99999964 3.7034403e-07
0 0.9985191 0.0014808303
0 0.9999913 8.728181e-06
0 0.99999976 2.0813783e-07
0 0.9999999 1.4198345e-07
0 0.9999999 1.5232108e-07
0 0.9999987 1.303166e-06
0 0.9999995 4.3900695e-07
0 0.99999976 2.883302e-07
0 0.9850257 0.014974309
1 0.008108263 0.99189174
0 0.9999999 1.753464e-07
0 0.9999994 6.120293e-07
0 0.99999976 2.3979104e-07
0 0.99999964 3.3358293e-07
0 0.9999995 4.84733e-07
0 0.9999995 4.47389e-07
0 0.99999976 2.6988724e-07
0 0.9999999 7.284355e-08
0 0.99999976 2.3745798e-07
0 0.931289 0.06871103
0 0.99999416 5.8506157e-06
0 0.99999535 4.677593e-06
0 0.9999969 3.0591348e-06
0 0.9569138 0.043086182
0 0.99999964 4.0978298e-07
1 0.004866512 0.99513346
0 0.7211379 0.27886215
0 0.99998105 1.8990197e-05
0 0.99993 7.003013e-05
0 0.9999956 4.449456e-06
1 0.0048554363 0.99514455
0 0.9999391 6.085574e-05
1 0.028810523 0.97118944
0 0.89028263 0.10971737
1 4.6337253e-05 0.9999536
0 0.9998952 0.00010473776
0 0.9999881 1.1906715e-05
1 0.00012359594 0.9998764
0 0.66115946 0.33884054
0 0.9198264 0.08017355
0 0.9974368 0.002563186
0 0.9999852 1.4801438e-05
0 0.99999475 5.208519e-06
0 0.99965954 0.00034050105
0 0.99998176 1.826485e-05
0 0.9995555 0.00044441316
0 0.9999782 2.1820822e-05
1 0.0013395898 0.99866045
0 0.9999739 2.6141612e-05
0 0.9999925 7.5212874e-06
0 0.9999708 2.9218827e-05
0 0.9999995 4.3017025e-07
0 0.9999993 7.7205726e-07
0 0.99956447 0.00043549933
0 0.99999726 2.7183646e-06
0 0.88068384 0.11931617
0 0.9978967 0.0021032637
1 1.5179539e-06 0.99999845
0 0.99998164 1.832352e-05
0 0.99999654 3.4316165e-06
0 0.99999833 1.6531378e-06
0 0.99999976 2.181247e-07
0 0.9999982 1.814422e-06
0 0.9999747 2.5310048e-05
0 0.9791179 0.020882085
0 0.99999726 2.7311337e-06
0 0.9999995 4.2063556e-07
0 0.999998 1.998637e-06
0 0.9999943 5.702766e-06
0 0.9999989 1.0573702e-06
0 0.999856 0.0001440232
0 0.9999989 1.0298497e-06
1 0.0046166047 0.9953833
0 0.9999938 6.2168783e-06
0 0.99999666 3.3444474e-06
0 0.99999535 4.6213477e-06
0 0.99920446 0.0007955385
0 0.99997294 2.7088076e-05
0 1.0 3.858714e-08
1 0.003419446 0.99658054
0 0.9999443 5.566855e-05
0 0.99624854 0.0037514104
1 0.39247873 0.60752124
0 0.99999774 2.2280547e-06
0 0.9999975 2.530267e-06
0 0.9999565 4.355528e-05
0 0.992849 0.007151014
1 0.017462011 0.98253804
1 6.82874e-07 0.9999993
0 0.99993086 6.908006e-05
0 0.99999964 3.42998e-07
0 0.9999999 7.63222e-08
0 0.9999999 6.458433e-08
1 4.6924455e-05 0.99995303
0 0.9999813 1.8699533e-05
0 0.99999607 3.8985695e-06
0 0.99999976 2.5089818e-07
0 0.9999994 5.520304e-07
0 0.9999994 5.8467276e-07
1 0.0004663073 0.9995338
0 0.9894665 0.010533478
0 0.9999994 5.589339e-07
1 3.7260813e-07 0.99999964
0 0.9999635 3.646226e-05
0 0.9999999 1.7811111e-07
0 0.9999993 7.303135e-07
0 0.99999964 3.20378e-07
0 0.9999999 5.999906e-08
0 0.9999995 5.174819e-07
0 0.9999999 6.731121e-08
0 0.9999999 7.343447e-08
0 0.9999999 7.46131e-08
0 0.9999999 6.273401e-08
0 0.99999976 2.2567866e-07
0 0.9999994 5.6897113e-07
0 0.99999976 2.8680597e-07
1 4.9140486e-05 0.9999509
0 0.99999666 3.332851e-06
0 0.99999917 7.8598526e-07
0 0.9999995 4.636183e-07
0 0.99998915 1.0837933e-05
0 0.99999917 8.616807e-07
0 0.9999999 1.0256141e-07
0 0.99999976 2.200085e-07
0 0.9999989 1.0664572e-06
1 6.565143e-05 0.9999343
0 0.99993336 6.665758e-05
0 0.75493854 0.24506144
0 0.9975944 0.0024055473
0 0.9999654 3.4532444e-05
0 0.99999857 1.445759e-06
0 0.9999949 5.0974954e-06
0 0.9999956 4.3518635e-06
0 0.99999976 2.2803074e-07
0 0.99999964 3.2810192e-07
0 0.99999964 4.088438e-07
0 0.9999995 4.4032103e-07
0 0.9999993 7.022673e-07
0 0.6240452 0.3759548
0 0.9997948 0.00020518016
0 0.9999969 3.0632834e-06
1 5.995913e-05 0.99994004
0 0.99999666 3.3378706e-06
0 0.99999976 2.7015636e-07
0 0.9999995 5.011208e-07
0 0.99999976 2.2715777e-07
1 1.0993747e-06 0.9999989
0 0.99998355 1.6496273e-05
0 0.9999999 1.2591735e-07
0 0.99999976 2.0242096e-07
0 0.62790304 0.3720969
0 0.9999808 1.9200892e-05
1 3.2322645e-05 0.9999677
0 0.9999106 8.9365865e-05
0 0.99999857 1.4223921e-06
1 1.352697e-05 0.9999865
1 0.1203964 0.8796036
0 0.9999989 1.0416812e-06
0 0.99999845 1.4959104e-06
0 0.99999964 3.3203278e-07
0 0.9889199 0.011080106
0 0.99750155 0.002498404
0 0.9995035 0.0004965478
0 0.99997735 2.2654263e-05
0 0.9999974 2.588053e-06
0 0.9998424 0.00015755792
1 7.824389e-05 0.9999218
1 6.55266e-07 0.9999994
0 0.9954146 0.0045853634
0 0.9999994 5.740388e-07
0 0.9999993 6.5705314e-07
1 0.015401959 0.98459804
0 0.99995935 4.0606883e-05
1 3.7250455e-05 0.9999628
0 0.99999547 4.5828e-06
1 0.058473136 0.9415269
0 0.9999653 3.4676126e-05
0 0.99999964 3.9526105e-07
0 0.9999933 6.650964e-06
0 0.9999994 5.3925226e-07
1 0.0002531245 0.99974686
0 0.9999956 4.4104745e-06
0 0.9999862 1.3858871e-05
1 2.607988e-05 0.9999739
0 0.99998736 1.2581387e-05
0 0.9999968 3.1938944e-06
1 1.539089e-07 0.9999999
0 0.9999999 1.1417561e-07
0 0.9999999 1.3660173e-07
0 0.9999988 1.196562e-06
0 0.99999845 1.5374299e-06
0 0.9936047 0.0063953106
1 0.2523346 0.7476654
0 0.99998784 1.2215256e-05
0 0.99999464 5.3122803e-06
0 0.9987921 0.001207896
1 0.05637193 0.9436281
0 0.9998822 0.000117726406
0 0.9999949 5.0667477e-06
1 2.4095947e-05 0.9999759
0 0.9999962 3.8033997e-06
0 0.9999987 1.2922949e-06
0 0.99999964 3.0131534e-07
1 6.9320915e-05 0.9999306
0 0.9999275 7.250946e-05
0 0.9999975 2.5612142e-06
0 1.0 4.782941e-08
0 0.99999833 1.6778117e-06
0 0.99999917 8.237708e-07
1 9.740695e-06 0.9999902
0 0.9999994 5.785024e-07
0 0.9999999 1.3227726e-07
1 2.7064627e-06 0.99999726
0 0.99999166 8.39571e-06
0 0.9999994 6.5298525e-07
0 0.99999964 3.1240268e-07
0 0.9999989 1.0334409e-06
0 0.9999987 1.3157738e-06
0 0.9999999 8.462532e-08
0 0.9999999 1.516319e-07
0 0.9999995 4.548315e-07
1 0.12196778 0.8780322
0 0.99989533 0.0001046523
0 0.9999995 4.514461e-07
0 0.99999964 4.043547e-07
1 0.0048694783 0.99513054
0 0.9999559 4.40677e-05
0 0.99995637 4.3654283e-05
0 0.9999975 2.53933e-06
0 0.99999964 2.9824602e-07
1 0.00012887963 0.99987113
1 3.6569688e-06 0.9999963
0 0.99979347 0.00020658413
0 0.7025003 0.29749972
1 6.4617096e-05 0.9999354
0 0.99959093 0.00040903562
0 0.99999726 2.774e-06
