1 0.03312134 0.96687865
1 0.08994854 0.91005147
1 0.030829867 0.9691701
1 0.026150664 0.97384936
1 0.018420946 0.98157907
0 0.98558456 0.014415448
0 0.8630097 0.13699032
0 0.9680283 0.03197168
0 0.9244934 0.075506635
1 0.37073326 0.62926674
1 0.2938955 0.7061045
1 0.32607824 0.67392176
1 0.24855419 0.75144583
0 0.582451 0.41754907
0 0.5576402 0.44235978
0 0.5987151 0.4012849
1 0.32607824 0.67392176
0 0.792188 0.20781201
0 0.5476859 0.45231408
0 0.96869546 0.031304505
0 0.9786564 0.021343615
0 0.9948507 0.0051493244
0 0.98404306 0.015956935
0 0.9905342 0.009465788
1 0.31275427 0.6872457
0 0.60393757 0.3960625
1 0.27689546 0.7231045
1 0.44225597 0.557744
1 0.3099466 0.6900534
0 0.9527451 0.047254954
0 0.9277043 0.0722958
0 0.9637086 0.03629143
0 0.97578806 0.024211897
0 0.9759518 0.024048284
0 0.99294865 0.0070513277
0 0.9941146 0.0058854297
0 0.8880069 0.11199305
0 0.97169614 0.028303849
0 0.8242295 0.17577049
0 0.7141956 0.28580442
0 0.94841635 0.051583633
0 0.9993193 0.0006806701
0 0.99775225 0.0022476963
0 0.9994585 0.000541504
0 0.9988875 0.0011125269
0 0.9992083 0.00079176127
1 0.114871256 0.8851288
1 0.19081442 0.8091856
1 0.030899845 0.9691001
1 0.06650726 0.93349266
1 0.07468653 0.9253135
0 0.6935398 0.3064602
1 0.45612872 0.5438713
0 0.9385225 0.061477475
0 0.7381421 0.261858
0 0.8996564 0.10034352
0 0.9992048 0.0007951876
0 0.9991918 0.0008081533
0 0.99801517 0.0019848412
0 0.9977703 0.0022296729
0 0.90812093 0.09187914
1 0.19081442 0.8091856
0 0.9877259 0.012274079
0 0.90744025 0.09255973
0 0.98633444 0.0136655085
0 0.9986387 0.0013613072
0 0.99928755 0.0007124817
0 0.9996773 0.0003226973
0 0.99968374 0.00031623422
0 0.9992605 0.0007395078
0 0.99876297 0.0012371036
0 0.98813194 0.011868014
0 0.9803831 0.019616872
0 0.9817023 0.018297732
0 0.9980781 0.0019218314
1 0.14670862 0.85329133
1 0.47296122 0.5270388
1 0.14364791 0.85635215
1 0.3730916 0.62690836
1 0.15073395 0.849266
0 0.9864021 0.013597855
0 0.98419607 0.015803996
0 0.98487735 0.015122608
0 0.9952945 0.0047054887
0 0.9951799 0.0048201815
0 0.99847835 0.0015216339
0 0.99839574 0.0016042298
0 0.96471703 0.035282966
0 0.98466486 0.01533518
0 0.919092 0.08090798
0 0.96735317 0.032646812
0 0.9566606 0.043339398
0 0.9997745 0.00022547202
0 0.9993424 0.00065762363
0 0.9997366 0.00026339825
0 0.99965703 0.0003430007
0 0.99972636 0.00027360738
1 0.0026423363 0.99735767
0 0.58289725 0.41710278
1 0.0051091216 0.9948908
1 0.00407879 0.99592113
1 0.0027266536 0.9972734
0 0.997491 0.0025089944
0 0.58289725 0.41710278
0 0.99837947 0.0016205398
0 0.9979487 0.002051343
0 0.9988182 0.0011818076
0 0.9998354 0.00016455424
0 0.99985456 0.00014535648
0 0.99965155 0.00034848563
0 0.58289725 0.41710278
0 0.9996973 0.00030267346
0 0.9996656 0.00033437036
0 0.99983525 0.00016466364
1 0.024531998 0.975468
1 0.044879656 0.9551203
0 0.9962767 0.0037232505
0 0.9971886 0.0028114324
1 0.019450197 0.98054975
1 0.018079903 0.98192006
0 0.99551827 0.0044817803
0 0.99471915 0.005280833
1 0.41949144 0.58050853
0 0.9673866 0.032613404
0 0.9986712 0.0013287878
0 0.9979564 0.0020435464
1 0.0025010281 0.9974989
0 0.5532863 0.44671375
1 0.0047173547 0.9952826
1 0.0035783367 0.9964217
1 0.0026176265 0.99738234
0 0.9971336 0.0028663655
0 0.5532863 0.44671375
0 0.9982077 0.0017922744
0 0.9977731 0.0022268107
0 0.9983912 0.001608802
0 0.99983585 0.00016412974
0 0.9998616 0.00013841172
0 0.99963725 0.00036269342
0 0.5532863 0.44671375
0 0.9996038 0.00039626288
0 0.9997116 0.0002884073
0 0.99981576 0.00018421107
1 0.05546417 0.94453585
1 0.03424064 0.96575934
1 0.047934387 0.9520656
1 0.06489565 0.93510437
1 0.01796541 0.98203456
0 0.93899316 0.061006833
0 0.896865 0.10313502
0 0.9987545 0.0012454755
0 0.9751669 0.024833059
0 0.9691767 0.030823318
0 0.9987478 0.0012521173
0 0.9984511 0.0015488865
0 0.99430484 0.0056951614
0 0.9918761 0.00812391
0 0.9973635 0.0026364543
0 0.99868673 0.0013132885
1 0.33945844 0.66054153
0 0.84118795 0.15881208
0 0.98593706 0.014062935
0 0.6397747 0.36022532
0 0.620694 0.379306
0 0.6894895 0.31051055
0 0.71410847 0.28589147
1 0.2439983 0.7560017
0 0.60971487 0.39028516
1 0.30584466 0.69415534
1 0.25453645 0.7454636
1 0.27413136 0.7258686
1 0.054966588 0.94503343
1 0.031368084 0.9686319
1 0.018937958 0.981062
1 0.041677844 0.95832217
0 0.98389363 0.016106442
0 0.98975754 0.010242397
0 0.9777079 0.022292089
0 0.9936567 0.0063432995
0 0.9910535 0.00894644
0 0.99711263 0.002887392
0 0.9910822 0.008917737
0 0.9994772 0.00052283617
0 0.99702966 0.0029702839
0 0.9974827 0.0025173586
1 8.0237376e-05 0.9999198
1 8.526768e-05 0.99991477
1 9.628147e-05 0.9999037
1 6.872884e-05 0.9999312
1 7.931914e-05 0.9999207
1 7.5758115e-05 0.9999242
0 0.9999229 7.7134486e-05
0 0.99990726 9.269049e-05
0 0.9999224 7.7648954e-05
0 0.99991715 8.280706e-05
0 0.99992776 7.217872e-05
0 0.9999311 6.885972e-05
0 0.9999298 7.016556e-05
1 0.16783312 0.83216685
1 0.109391145 0.89060885
1 0.09806477 0.9019352
1 0.016252695 0.9837473
1 0.18047015 0.8195299
0 0.8319772 0.16802286
0 0.98620903 0.013791027
0 0.8475086 0.15249144
0 0.9888415 0.011158536
0 0.9686062 0.031393845
1 0.203636 0.79636395
1 0.20047253 0.79952747
1 0.24972273 0.7502772
1 0.25808784 0.7419122
1 0.054517616 0.9454824
0 0.82337564 0.17662439
0 0.7579264 0.24207364
0 0.9964013 0.0035986498
0 0.9558776 0.044122424
0 0.88739 0.11261002
0 0.9963593 0.0036406883
0 0.9945496 0.005450363
0 0.9793234 0.020676594
0 0.97350854 0.0264915
0 0.9930577 0.006942207
0 0.9943837 0.0056163417
1 0.4781667 0.5218333
0 0.87140065 0.1285994
0 0.9720018 0.027998215
1 0.008242531 0.99175745
1 0.032663703 0.9673363
1 0.021595282 0.9784047
1 0.015851893 0.98414814
1 0.026858272 0.97314173
0 0.9920942 0.00790578
0 0.996765 0.003234956
0 0.9987206 0.0012794057
0 0.9982337 0.0017662729
0 0.9898198 0.010180185
1 0.45981234 0.54018766
1 0.39061546 0.60938454
0 0.53284895 0.46715105
1 0.41189188 0.5881081
0 0.5296477 0.4703523
0 0.6605187 0.3394813
0 0.7364118 0.26358825
0 0.76342356 0.23657648
0 0.8457695 0.15423049
0 0.8664815 0.1335185
1 0.008578572 0.9914214
1 0.053499855 0.9465001
1 0.0073549384 0.992645
1 0.014700732 0.9852992
1 0.009834058 0.990166
0 0.9976411 0.0023589896
0 0.99100715 0.008992867
0 0.9991991 0.00080086733
0 0.999603 0.00039710104
0 0.99885666 0.0011433095
0 0.9931716 0.006828468
0 0.95843947 0.041560546
0 0.90896195 0.09103808
0 0.9794835 0.020516545
1 0.2101619 0.7898381
1 0.08883867 0.91116136
1 0.01344273 0.9865573
0 0.9985267 0.0014732765
0 0.99865425 0.001345686
0 0.9712086 0.028791469
0 0.9909815 0.009018515
0 0.9932192 0.006780818
0 0.99578047 0.0042195693
0 0.9879473 0.012052763
0 0.9986111 0.0013889109
0 0.9993279 0.00067208725
0 0.9998281 0.00017185528
0 0.9996865 0.0003134867
0 0.99905545 0.00094449706
0 0.99689156 0.0031084334
0 0.9968965 0.003103517
0 0.99945885 0.00054121454
0 0.99923396 0.00076602923
0 0.9997973 0.00020276896
0 0.9991524 0.0008476248
0 0.9997211 0.0002789308
0 0.9996952 0.00030479976
0 0.9997869 0.0002130506
0 0.99963176 0.00036823578
0 0.9983779 0.0016221144
0 0.9997862 0.00021381333
0 0.99980706 0.00019294715
0 0.99985194 0.00014803837
0 0.99956375 0.00043622067
0 0.9997855 0.00021449142
1 0.08115524 0.91884476
1 0.14552155 0.8544784
1 0.006717546 0.99328244
0 0.99917966 0.0008202728
0 0.99920243 0.00079756667
0 0.97462326 0.025376651
0 0.9961908 0.0038092358
0 0.99293524 0.007064782
0 0.9943916 0.0056083985
0 0.9965154 0.003484593
0 0.99790573 0.0020942949
0 0.99925333 0.00074662355
0 0.9998265 0.00017354134
0 0.9996032 0.00039684543
0 0.9995715 0.00042851918
0 0.99899644 0.0010036207
0 0.9988286 0.00117139
0 0.9996654 0.0003345971
0 0.99961275 0.0003872481
0 0.9998227 0.00017730553
0 0.9996101 0.00038989034
0 0.9998018 0.00019814963
0 0.9997913 0.00020864182
0 0.99982315 0.0001768466
0 0.99966466 0.0003353776
0 0.9978816 0.0021184194
0 0.99978966 0.00021036854
0 0.9997919 0.00020813716
0 0.99984753 0.0001524437
0 0.99975055 0.0002494027
0 0.99979895 0.00020104692
1 0.007137495 0.9928625
1 0.014572823 0.98542714
1 0.0021983834 0.9978016
1 0.053946946 0.9460531
1 0.0051350226 0.994865
0 0.99898607 0.0010139085
0 0.99928087 0.0007191813
0 0.9974233 0.0025767796
0 0.99928087 0.0007191813
0 0.998423 0.0015770505
0 0.9974216 0.0025784369
0 0.9990814 0.00091861276
0 0.99941576 0.0005842778
0 0.9972965 0.0027034995
0 0.9994485 0.0005515124
0 0.9989574 0.0010425905
0 0.9993556 0.000644378
0 0.9994307 0.00056929956
0 0.99980277 0.00019721003
0 0.99940133 0.0005987145
0 0.9983752 0.0016248333
1 0.06395672 0.93604326
1 0.048890475 0.9511095
1 0.018140996 0.981859
1 0.01848471 0.9815153
0 0.94364345 0.05635655
0 0.96760356 0.032396473
0 0.9510378 0.048962235
0 0.99633104 0.003669004
0 0.9912266 0.008773384
0 0.99656916 0.0034307968
0 0.98807997 0.011920047
0 0.9991304 0.0008695505
0 0.995159 0.00484108
0 0.9965449 0.0034551073
1 8.47652e-05 0.99991524
1 9.309629e-05 0.9999069
1 9.734887e-05 0.9999026
1 7.169873e-05 0.99992836
1 7.948859e-05 0.9999205
1 8.073103e-05 0.9999193
0 0.99992156 7.8394216e-05
0 0.99993694 6.3112755e-05
0 0.9999194 8.0567064e-05
0 0.9999151 8.486767e-05
0 0.9999285 7.1511284e-05
0 0.99992967 7.0357986e-05
0 0.9999281 7.193343e-05
0 0.61661345 0.38338655
1 0.13250718 0.86749285
1 0.15309435 0.84690565
0 0.6383109 0.3616891
1 0.13689943 0.8631005
0 0.9468904 0.05310962
0 0.9509507 0.0490493
0 0.998833 0.0011670564
0 0.88676864 0.11323138
0 0.999065 0.0009350004
0 0.9983936 0.0016063245
0 0.9994374 0.00056257774
0 0.99862933 0.0013707413
0 0.9982613 0.0017387725
0 0.99916804 0.0008320109
0 0.9986362 0.0013637831
0 0.9990785 0.0009214635
0 0.9991968 0.0008031605
0 0.99714154 0.0028584688
0 0.99902725 0.00097272603
0 0.99833953 0.001660483
0 0.9977902 0.0022097318
0 0.9997576 0.00024238137
0 0.99974865 0.00025129505
0 0.75086725 0.24913278
1 0.3688861 0.6311139
1 0.14808615 0.8519138
1 0.47463095 0.52536905
0 0.76515025 0.23484972
0 0.99955744 0.00044249822
0 0.99905175 0.00094823545
0 0.99965405 0.00034591855
0 0.99959296 0.00040702953
0 0.9995752 0.00042474223
0 0.9994517 0.00054826576
0 0.99914515 0.00085488026
0 0.99965 0.00035002927
0 0.9997589 0.00024106701
0 0.99957603 0.00042394255
0 0.99966085 0.0003391061
0 0.9996203 0.00037969247
0 0.9997863 0.00021370755
0 0.99936956 0.0006304685
0 0.99949086 0.00050911185
0 0.99971026 0.0002897092
0 0.9995034 0.0004965873
0 0.9995122 0.00048775508
0 0.9997036 0.0002964154
0 0.9997919 0.0002080546
0 0.99982685 0.00017320525
0 0.992488 0.007512014
0 0.99979645 0.00020354378
0 0.9998166 0.00018340645
0 0.9998449 0.00015502152
0 0.99982834 0.00017157759
0 0.9689122 0.031087829
0 0.9896874 0.010312635
0 0.99845135 0.0015486181
0 0.9989077 0.0010922794
0 0.99927074 0.0007293247
0 0.99878377 0.0012161835
0 0.9998223 0.00017766871
0 0.9998448 0.0001551567
0 0.99985814 0.0001418097
0 0.99988246 0.000117543
0 0.99921286 0.0007870924
0 0.99430215 0.005697835
0 0.9998709 0.00012908157
0 0.99986374 0.00013629056
0 0.99988234 0.000117663556
0 0.999895 0.00010499685
0 0.99986243 0.00013751084
0 0.99986374 0.00013629056
1 0.27103063 0.7289694
1 0.34184825 0.65815175
1 0.34421346 0.6557866
0 0.538574 0.46142602
0 0.60418296 0.39581707
0 0.9526834 0.047316626
0 0.9482516 0.051748443
1 0.13695519 0.8630448
1 0.19295926 0.8070407
1 0.16127896 0.8387211
1 0.22840777 0.77159226
1 0.14656363 0.8534364
0 0.9996582 0.0003417486
0 0.99899334 0.0010067002
0 0.9996117 0.000388407
0 0.99923193 0.00076807005
0 0.99939656 0.00060337427
0 0.99919575 0.00080421846
0 0.99948186 0.0005182245
0 0.9990121 0.0009878686
0 0.99896586 0.0010340943
0 0.9981018 0.001898244
0 0.883857 0.11614297
0 0.79127705 0.20872298
0 0.6999877 0.30001223
0 0.9091234 0.09087659
0 0.69016385 0.30983618
0 0.84721184 0.15278815
0 0.974013 0.02598702
0 0.9830729 0.01692707
0 0.94394195 0.056058027
0 0.94197655 0.058023527
0 0.98449796 0.015502055
0 0.9874835 0.012516529
0 0.99963474 0.0003652695
0 0.99928087 0.0007191762
0 0.9907918 0.009208265
0 0.98780835 0.01219167
0 0.99487925 0.0051207035
0 0.9689922 0.031007806
1 0.13157152 0.8684285
0 0.50831026 0.49168968
1 0.49534664 0.5046534
1 0.120109335 0.8798906
1 0.18491569 0.8150843
0 0.99660623 0.0033938165
0 0.9933119 0.0066880905
0 0.904266 0.09573401
0 0.6902526 0.3097474
0 0.6422446 0.3577554
1 0.030357566 0.9696424
1 0.0130222365 0.98697776
1 0.06614603 0.93385404
1 0.06028219 0.93971777
1 0.22321832 0.7767817
0 0.99975544 0.00024460242
0 0.9996358 0.00036415306
0 0.9995573 0.000442659
0 0.999647 0.0003529463
0 0.9996965 0.00030355802
0 0.9951374 0.0048625716
0 0.9992624 0.0007375515
0 0.9967315 0.003268529
0 0.9714751 0.028524853
0 0.61559814 0.38440186
0 0.9829501 0.017049903
0 0.99881846 0.0011815148
1 0.27255052 0.7274494
1 0.27179602 0.72820395
1 0.46341938 0.53658056
1 0.46424234 0.53575766
0 0.5259227 0.4740773
0 0.7585411 0.24145892
0 0.69829684 0.30170318
0 0.71395326 0.28604677
0 0.8125062 0.18749386
0 0.80667573 0.19332427
0 0.99967635 0.00032366844
0 0.9997315 0.00026847998
0 0.99976677 0.00023329753
0 0.9998801 0.000119938
0 0.9990232 0.0009767863
0 0.9995882 0.00041185043
0 0.99955004 0.0004499539
0 0.9952291 0.0047709146
0 0.99968874 0.00031121934
0 0.9998248 0.00017524626
0 0.9992447 0.00075538695
0 0.9996915 0.000308481
0 0.9997191 0.00028084993
0 0.99938846 0.0006114717
0 0.999689 0.00031104466
0 0.99884015 0.0011599223
0 0.995169 0.0048310375
0 0.9998343 0.00016569748
0 0.99980026 0.00019980896
0 0.9962811 0.003718888
0 0.99927884 0.0007212129
0 0.99890304 0.001096996
0 0.9998085 0.00019155492
0 0.9996934 0.000306584
0 0.9994856 0.0005144074
0 0.9996531 0.00034686516
1 0.0016250429 0.99837494
1 0.001065828 0.9989342
0 0.65435916 0.3456408
1 0.00042607437 0.9995739
1 0.0005372646 0.9994628
1 0.00085358403 0.99914646
0 0.99970347 0.00029650558
0 0.65435916 0.3456408
0 0.99956673 0.00043322015
0 0.99973875 0.00026119404
0 0.9996146 0.00038531647
0 0.998095 0.0019050536
1 0.06754222 0.93245775
1 0.14974976 0.85025024
1 0.11687995 0.88312006
1 0.09228947 0.90771055
1 0.047425997 0.952574
0 0.95383275 0.046167247
0 0.540239 0.45976105
0 0.93583 0.06417001
0 0.8378803 0.16211972
1 0.12284976 0.87715024
1 0.16016345 0.83983654
1 0.25666708 0.7433329
1 0.24983431 0.7501657
1 0.18456966 0.8154304
1 0.2051361 0.7948639
0 0.94868076 0.051319256
0 0.93861324 0.061386723
0 0.81706023 0.18293974
0 0.99660516 0.003394797
0 0.955145 0.04485495
0 0.99337584 0.006624147
0 0.99764866 0.0023513418
0 0.9988669 0.001133135
0 0.9989851 0.0010148532
0 0.99944144 0.00055848924
0 0.99873525 0.0012647212
0 0.9923934 0.007606592
0 0.55537134 0.44462866
0 0.9493826 0.050617438
1 0.18686801 0.813132
0 0.9991053 0.0008946505
0 0.9977927 0.0022073237
0 0.99963737 0.0003626184
0 0.99949825 0.00050172705
0 0.9997304 0.0002696339
0 0.9974063 0.00259374
0 0.99932575 0.0006743194
0 0.9997737 0.00022634523
1 0.00013730463 0.9998627
1 0.00013116418 0.99986887
1 0.00013199743 0.99986804
1 0.00016557492 0.9998344
1 0.00019643047 0.9998036
0 0.9999093 9.07669e-05
0 0.9998872 0.00011278049
0 0.99989974 0.00010024633
0 0.9999194 8.0532955e-05
0 0.9999224 7.760993e-05
0 0.99984026 0.00015974292
0 0.99987674 0.00012319187
0 0.9998647 0.00013525302
0 0.99985576 0.00014426014
0 0.59096664 0.40903342
0 0.7769166 0.22308336
0 0.5883572 0.41164282
0 0.5076217 0.49237826
1 0.46815136 0.5318486
0 0.6842689 0.31573114
0 0.77397966 0.22602041
0 0.67175364 0.3282464
0 0.53771704 0.46228296
0 0.65132636 0.3486736
0 0.9265053 0.07349471
0 0.9253251 0.07467492
0 0.85863554 0.14136447
0 0.99312395 0.006876072
0 0.9874786 0.0125214225
0 0.9971374 0.0028625696
0 0.9609411 0.039058995
0 0.94976 0.050240014
0 0.83086455 0.16913542
0 0.98048866 0.01951137
0 0.9830252 0.01697478
0 0.8184279 0.18157212
0 0.8988032 0.101196826
0 0.9975126 0.0024874157
0 0.99729544 0.002704603
0 0.99798536 0.0020146433
0 0.99925584 0.00074413785
0 0.99910235 0.00089766603
0 0.99610436 0.0038956609
0 0.7769166 0.22308336
0 0.98571235 0.014287675
0 0.99661344 0.0033865017
0 0.9987771 0.0012228984
0 0.99948263 0.00051739404
0 0.99940586 0.00059411314
0 0.9990663 0.00093368685
0 0.9979278 0.0020722544
0 0.9985273 0.0014726776
0 0.9983816 0.0016183325
0 0.99755716 0.0024427602
0 0.9969784 0.0030215974
0 0.88309354 0.11690649
0 0.98048866 0.01951137
0 0.63429797 0.36570206
0 0.8787699 0.12123014
0 0.9486385 0.0513615
0 0.9639199 0.036080107
0 0.82919216 0.17080782
0 0.83467126 0.16532877
0 0.99209964 0.0079004
0 0.9880024 0.0119975805
0 0.99662423 0.0033757298
0 0.9954378 0.004562212
0 0.9969189 0.0030811194
0 0.95382416 0.046175823
0 0.9857124 0.01428752
0 0.98986125 0.010138793
0 0.9054554 0.09454454
0 0.83724886 0.16275112
0 0.8423784 0.15762159
0 0.740411 0.25958902
0 0.69946945 0.30053052
0 0.9810037 0.01899631
0 0.9845712 0.015428725
0 0.98854417 0.01145584
0 0.9954283 0.004571659
0 0.99253756 0.007462466
0 0.97029066 0.029709373
0 0.9442811 0.05571894
0 0.96550983 0.034490146
0 0.9309973 0.06900263
0 0.9976284 0.002371639
0 0.99221593 0.0077840597
0 0.9844657 0.015534298
0 0.98588425 0.014115723
0 0.99861515 0.0013848996
0 0.9842392 0.015760785
0 0.99229616 0.0077038375
0 0.6908002 0.3091998
1 0.3987402 0.60125977
1 0.17451602 0.825484
1 0.20519485 0.79480517
1 0.15489545 0.8451045
0 0.9444154 0.055584636
0 0.936047 0.06395299
1 0.23484324 0.76515675
1 0.18228312 0.81771696
1 0.1922999 0.80770004
1 0.13989133 0.8601087
1 0.18414049 0.8158595
0 0.97292376 0.027076293
0 0.9969374 0.003062591
0 0.99791723 0.0020827865
0 0.9874035 0.012596438
0 0.99501014 0.004989821
0 0.8545548 0.14544523
0 0.7676656 0.2323344
0 0.98257095 0.01742908
0 0.9715343 0.028465675
0 0.8978057 0.102194294
0 0.9897676 0.010232436
0 0.98935634 0.010643609
0 0.99656075 0.0034391838
0 0.9801257 0.019874213
0 0.97146016 0.028539844
0 0.9981894 0.0018105988
0 0.98057234 0.019427668
0 0.9988072 0.0011928072
0 0.9981768 0.0018232127
0 0.99904686 0.000953108
0 0.9911184 0.008881574
0 0.98903346 0.010966553
0 0.9936312 0.0063688103
0 0.9940473 0.005952705
0 0.99152935 0.008470625
0 0.98529 0.014710031
0 0.9723502 0.027649796
0 0.9774621 0.022537945
0 0.9953414 0.004658545
0 0.99436486 0.00563515
0 0.9850589 0.014941078
0 0.9860183 0.013981673
0 0.99217075 0.00782923
0 0.9555399 0.04446011
0 0.9907624 0.009237642
0 0.9919206 0.008079371
1 0.09165051 0.90834945
1 0.20243931 0.7975607
1 0.12229798 0.877702
1 0.19023421 0.80976576
1 0.3955225 0.60447747
0 0.9961792 0.0038207758
0 0.9978192 0.0021808667
0 0.9981515 0.0018484356
0 0.9975273 0.0024727196
0 0.9955063 0.004493648
0 0.9878237 0.012176301
0 0.8342367 0.1657633
0 0.9690823 0.03091769
0 0.98082286 0.019177131
0 0.99107754 0.008922531
0 0.9989335 0.0010665491
0 0.9993673 0.0006327113
0 0.9952425 0.004757502
0 0.99909973 0.0009002699
0 0.9988464 0.0011535926
0 0.9997943 0.00020574496
0 0.99963427 0.00036575107
0 0.99867934 0.0013206255
0 0.9967181 0.0032819188
0 0.9994848 0.000515138
0 0.9995597 0.00044030626
0 0.99946684 0.00053320115
0 0.99909234 0.00090771925
0 0.9993445 0.0006554108
0 0.9984503 0.0015497525
0 0.9994937 0.0005062645
0 0.9972621 0.0027379158
1 0.0025049604 0.99749506
1 0.002620783 0.9973793
1 0.0017235852 0.9982765
1 0.0016725431 0.99832743
1 0.002004739 0.99799526
0 0.65845376 0.34154624
0 0.9398236 0.060176414
0 0.63063765 0.36936232
1 0.46343634 0.53656363
0 0.79767376 0.20232618
0 0.94025654 0.059743457
0 0.9583294 0.041670587
0 0.9374041 0.062595956
0 0.9554937 0.044506248
0 0.88814205 0.111857936
0 0.96749294 0.032507014
0 0.99507266 0.0049272827
0 0.9523736 0.04762638
0 0.978692 0.021307955
0 0.9711543 0.028845709
0 0.9234128 0.07658716
0 0.98788726 0.012112703
0 0.8743794 0.12562059
0 0.9398236 0.060176414
0 0.96915925 0.030840816
1 0.20974603 0.790254
1 0.44562408 0.55437595
1 0.22486998 0.7751301
0 0.9325613 0.067438714
0 0.8940395 0.105960555
0 0.9772735 0.022726538
0 0.9874973 0.012502651
0 0.99828076 0.001719233
1 0.0645436 0.9354564
1 0.058356553 0.9416434
1 0.0057473164 0.9942526
1 0.4553332 0.5446668
1 0.010257616 0.9897424
0 0.9765411 0.023458922
0 0.8998562 0.10014379
0 0.987066 0.01293403
0 0.9860495 0.013950468
0 0.98985493 0.010145064
1 0.34734297 0.652657
0 0.5881879 0.41181213
0 0.96318984 0.03681022
0 0.96228975 0.037710186
0 0.9953572 0.0046427073
1 0.08005239 0.9199477
1 0.050144047 0.9498559
1 0.11203699 0.887963
1 0.13464613 0.8653539
1 0.12647608 0.8735239
0 0.98199123 0.018008752
0 0.98856145 0.011438573
0 0.95159256 0.04840745
0 0.990568 0.009432075
0 0.9951988 0.0048012403
0 0.99951446 0.00048551688
0 0.9991381 0.0008617985
0 0.99958116 0.0004188316
0 0.9996013 0.0003987369
0 0.9997845 0.00021549237
0 0.9425529 0.057447016
0 0.9459755 0.054024544
0 0.98220956 0.017790485
0 0.9657039 0.034296077
0 0.995747 0.0042529977
0 0.9990114 0.0009885733
0 0.99951303 0.0004870078
0 0.99687946 0.0031205723
0 0.9971328 0.0028672407
0 0.97855043 0.02144959
0 0.99931717 0.0006827888
0 0.99953747 0.00046258047
0 0.9997564 0.0002436107
0 0.999146 0.00085404736
0 0.9972584 0.0027415545
0 0.9951461 0.004853897
0 0.5210234 0.47897658
0 0.99603015 0.0039698086
0 0.9677899 0.032210145
0 0.9997949 0.0002051608
0 0.99931717 0.0006827888
0 0.9995191 0.0004808854
0 0.9998423 0.00015763681
0 0.9997631 0.00023695812
0 0.9995389 0.0004611254
0 0.99938786 0.0006120912
1 0.31360358 0.6863964
1 0.29440445 0.70559555
1 0.21799873 0.78200126
0 0.6897644 0.3102356
1 0.33570546 0.66429454
0 0.81227493 0.18772502
0 0.838355 0.16164501
0 0.58975035 0.41024968
0 0.9407162 0.059283793
0 0.7070684 0.2929316
0 0.9680227 0.03197733
0 0.9392251 0.06077498
0 0.91376126 0.086238705
0 0.9226074 0.07739254
0 0.793643 0.20635696
0 0.9519955 0.04800459
0 0.96258616 0.037413836
0 0.96186393 0.038135994
0 0.9850445 0.014955554
0 0.9773662 0.022633761
0 0.94802505 0.05197502
0 0.9925964 0.007403553
0 0.96467453 0.035325468
0 0.9399031 0.060096912
1 0.0006619765 0.999338
1 0.0029593937 0.99704057
1 0.0007082975 0.99929166
1 0.00035920087 0.9996408
1 0.0007841106 0.99921584
0 0.99963975 0.00036021174
0 0.9996215 0.00037850818
0 0.99975353 0.0002464118
0 0.9995378 0.00046219872
0 0.99971503 0.00028498733
0 0.99908864 0.00091137685
0 0.9988852 0.0011148248
0 0.99985504 0.00014495428
0 0.9997098 0.00029021618
0 0.999663 0.00033700516
0 0.99959856 0.0004014713
0 0.9990332 0.000966798
0 0.9989906 0.001009447
1 0.21233664 0.78766334
1 0.16733065 0.8326693
1 0.23359708 0.7664029
1 0.4795461 0.52045393
0 0.9091498 0.09085018
0 0.9126477 0.087352246
0 0.93309253 0.066907465
0 0.6968289 0.3031711
0 0.9875404 0.012459589
0 0.94904333 0.05095666
0 0.98031825 0.019681692
0 0.94925326 0.050746717
0 0.99544984 0.0045501115
0 0.997024 0.002975966
0 0.98590684 0.01409316
0 0.99404067 0.0059592864
0 0.9887087 0.0112912515
0 0.99593 0.004069999
0 0.93109345 0.068906546
0 0.96456516 0.035434857
0 0.9958478 0.0041521583
0 0.9607548 0.039245136
0 0.9460393 0.053960733
0 0.71285135 0.28714868
1 0.3718783 0.6281217
0 0.59649974 0.40350023
0 0.55392516 0.4460749
1 0.29419303 0.705807
1 0.2839539 0.7160461
1 0.41952038 0.5804796
0 0.9986179 0.0013821338
0 0.99643046 0.0035695557
0 0.9902158 0.0097842375
0 0.99026805 0.009731939
0 0.9934956 0.006504446
0 0.98061806 0.019381918
0 0.99580234 0.004197683
0 0.99716574 0.0028342162
0 0.986145 0.013854974
0 0.9980414 0.001958555
0 0.9979692 0.0020307368
1 0.009113921 0.9908861
1 0.01259944 0.9874006
1 0.0036183905 0.99638164
1 0.007824294 0.99217564
1 0.029488863 0.97051114
0 0.9739051 0.026094934
0 0.9572166 0.042783353
0 0.95601195 0.043988083
1 0.003135916 0.9968641
1 0.012459301 0.98754066
1 0.0038195814 0.9961804
1 0.0020322439 0.9979678
1 0.0015137699 0.9984862
0 0.99310195 0.0068981065
0 0.99323964 0.0067603667
0 0.9958396 0.004160432
0 0.9901509 0.009849145
0 0.99807405 0.0019259426
0 0.9988619 0.0011381096
0 0.9995363 0.00046373846
0 0.9992568 0.00074315735
0 0.999811 0.00018900314
0 0.99918765 0.0008123524
0 0.9993011 0.0006989648
0 0.9996873 0.00031270974
0 0.9997156 0.0002843528
0 0.9998369 0.0001630926
0 0.99977976 0.00022025811
0 0.99978536 0.00021470731
0 0.99980086 0.00019921448
0 0.999833 0.0001670338
0 0.9998572 0.00014278038
0 0.99981815 0.00018192704
0 0.9998561 0.00014387714
0 0.9982413 0.0017586965
0 0.99921644 0.00078353996
0 0.9982413 0.0017586965
0 0.99971205 0.0002878694
0 0.9996424 0.00035756052
0 0.99942917 0.000570788
0 0.9997912 0.00020885581
0 0.99845684 0.0015431636
0 0.99892646 0.0010735098
0 0.9996519 0.0003480404
0 0.9996619 0.00033803613
0 0.99323964 0.0067603667
1 0.09558448 0.90441555
1 0.21100743 0.7889925
1 0.40045005 0.59954995
1 0.05859992 0.94140005
1 0.35578057 0.64421946
0 0.98238164 0.017618349
0 0.9899272 0.010072831
0 0.9949722 0.0050278106
0 0.9889753 0.011024717
0 0.9940963 0.0059036645
0 0.90206873 0.09793128
0 0.9631089 0.03689112
0 0.67099565 0.3290043
0 0.92115027 0.07884975
0 0.7419997 0.2580003
0 0.90918624 0.090813726
0 0.9631089 0.03689112
0 0.9773843 0.022615653
0 0.99752814 0.002471887
0 0.7748851 0.22511488
1 0.002050433 0.99794954
1 0.0015737257 0.9984263
1 0.0024793537 0.9975206
1 0.0014991459 0.9985008
1 0.0024965296 0.99750346
0 0.9997824 0.00021763943
0 0.99972993 0.0002701135
0 0.9997608 0.00023918349
0 0.9997471 0.0002528664
0 0.99977654 0.00022340867
0 0.99976414 0.00023588583
0 0.9997662 0.00023382485
0 0.9988668 0.0011332819
0 0.99973994 0.00026008402
0 0.9997857 0.00021433811
0 0.9997409 0.00025912072
0 0.9997557 0.00024426702
0 0.99976224 0.00023773793
0 0.9997274 0.0002725831
0 0.99975425 0.00024577806
0 0.9996574 0.00034264248
0 0.9996388 0.0003611532
0 0.99963 0.0003700312
0 0.99963105 0.00036891672
0 0.99964917 0.00035081198
0 0.999808 0.00019204651
0 0.9976714 0.0023285444
0 0.9996942 0.00030584107
0 0.9998042 0.00019586942
0 0.99964845 0.0003514979
0 0.9997762 0.00022384345
0 0.9953193 0.0046807323
1 0.061784483 0.9382155
1 0.47946337 0.5205366
1 0.009520542 0.9904794
1 0.024581708 0.97541827
1 0.081724174 0.9182759
0 0.9956831 0.0043169484
0 0.9994777 0.00052229874
0 0.9207178 0.07928219
0 0.9821323 0.0178677
1 0.47946337 0.5205366
0 0.9981371 0.0018628645
0 0.9926407 0.0073592807
0 0.9990571 0.0009428545
1 0.008311945 0.9916881
1 0.01929822 0.98070174
1 0.017748207 0.98225176
1 0.0062157293 0.9937843
1 0.0036896826 0.9963103
0 0.9778983 0.022101754
0 0.9879242 0.0120757865
0 0.9969658 0.0030341318
0 0.9963613 0.0036386426
0 0.9952291 0.0047708987
0 0.99873453 0.0012654985
0 0.9995308 0.0004692435
0 0.9988286 0.0011714359
0 0.9997321 0.0002678577
0 0.99922776 0.0007722821
0 0.997635 0.0023649763
0 0.99906605 0.00093401707
0 0.99924916 0.0007508484
0 0.9996051 0.00039492242
0 0.9997768 0.00022322281
0 0.9997367 0.0002632167
0 0.9998067 0.00019335748
0 0.9998203 0.0001797786
0 0.99986196 0.00013801607
0 0.9998196 0.00018040242
0 0.9998418 0.00015816452
0 0.9974688 0.0025311292
0 0.9992113 0.0007886845
0 0.9974688 0.0025311292
0 0.99963796 0.00036207677
0 0.9994485 0.0005515608
0 0.99944824 0.00055177294
0 0.9997862 0.00021387328
0 0.9925566 0.0074433684
0 0.99656266 0.0034373326
0 0.9993554 0.00064460956
0 0.9996464 0.00035357862
0 0.9879242 0.0120757865
0 0.93778765 0.062212348
0 0.9337497 0.06625036
0 0.85650086 0.14349909
0 0.853 0.14700007
0 0.90274596 0.097254045
0 0.7424314 0.25756863
1 0.09803449 0.90196544
1 0.3795967 0.6204033
0 0.6135716 0.3864284
0 0.6788623 0.32113773
0 0.5420966 0.45790341
0 0.7834997 0.21650027
1 0.48328882 0.5167112
1 0.20915896 0.7908411
0 0.9990375 0.0009625445
0 0.9938216 0.0061783395
0 0.9996855 0.00031445175
0 0.999524 0.00047598197
0 0.994856 0.005144034
0 0.96498615 0.035013888
0 0.995583 0.004417009
0 0.9987184 0.0012816912
0 0.99838424 0.0016157997
0 0.99967587 0.00032415576
0 0.99737394 0.0026260205
0 0.9996902 0.0003098699
0 0.9997043 0.0002957041
0 0.9995604 0.00043951158
0 0.9995535 0.0004464696
0 0.9990409 0.00095902925
0 0.99968624 0.0003137968
0 0.99874073 0.0012592479
0 0.9984388 0.0015612638
0 0.76094836 0.23905164
1 0.276818 0.723182
0 0.74625295 0.25374702
0 0.8502931 0.14970693
0 0.5846088 0.41539118
1 0.21802117 0.7819788
1 0.088243335 0.91175663
1 0.1828579 0.8171421
1 0.17866156 0.8213385
1 0.21310191 0.78689814
0 0.9992156 0.00078442006
0 0.9988589 0.0011411345
0 0.9996395 0.0003604895
0 0.7065143 0.29348576
1 0.3537386 0.6462614
1 0.44858143 0.55141854
0 0.54977036 0.45022964
1 0.48151875 0.51848125
0 0.91936904 0.08063095
0 0.9383121 0.06168787
0 0.93459123 0.06540869
0 0.9030728 0.09692724
0 0.91570413 0.08429588
0 0.86756593 0.13243406
0 0.69720364 0.30279633
0 0.9223525 0.07764747
1 0.45806032 0.5419397
0 0.5677577 0.43224227
0 0.54020345 0.4597965
0 0.92947245 0.07052755
0 0.9918366 0.008163427
0 0.9811499 0.01885009
0 0.9989221 0.0010778917
0 0.9975331 0.0024669527
0 0.99674416 0.003255809
1 0.16308358 0.8369164
1 0.019842088 0.9801579
1 0.09988809 0.90011185
1 0.054731403 0.9452686
1 0.044698585 0.95530146
0 0.9966695 0.0033305346
0 0.9960348 0.0039651995
0 0.9995646 0.00043539866
0 0.999783 0.00021698633
0 0.99965703 0.00034297843
0 0.8892067 0.11079334
0 0.95256656 0.047433436
0 0.69725883 0.30274117
0 0.69580907 0.30419096
0 0.8477768 0.15222326
0 0.7766787 0.22332136
1 0.2893837 0.7106163
1 0.41446742 0.5855326
0 0.65485436 0.34514564
0 0.71355504 0.286445
1 0.4909755 0.5090245
0 0.75033706 0.24966297
0 0.6379122 0.3620878
1 0.23495167 0.7650483
1 0.44554073 0.5544593
0 0.58853626 0.41146374
1 0.29563594 0.7043641
1 0.11143202 0.888568
1 0.44282758 0.55717236
0 0.8657429 0.13425708
0 0.9696557 0.030344237
1 0.3913056 0.60869443
0 0.5750338 0.42496625
1 0.16024683 0.83975315
0 0.87152576 0.12847425
0 0.97586024 0.02413975
1 0.0012268394 0.99877316
1 0.0018871429 0.9981129
1 0.0026911176 0.99730885
1 0.0014689345 0.9985311
1 0.0014307384 0.99856925
0 0.9990627 0.0009372717
0 0.99943954 0.00056041265
0 0.9995732 0.0004268273
0 0.9995758 0.0004241847
0 0.99963963 0.00036036834
0 0.9995896 0.00041038194
0 0.9996069 0.0003931391
0 0.9996581 0.00034188578
0 0.99957496 0.000425088
0 0.9978666 0.0021334267
0 0.997874 0.002126011
0 0.99766695 0.0023330885
0 0.9991948 0.0008052377
0 0.99839836 0.0016016215
0 0.9995765 0.0004235372
0 0.99877053 0.001229414
0 0.9990839 0.00091614353
0 0.9994616 0.0005384453
0 0.9985594 0.0014406494
0 0.9991874 0.0008125504
0 0.9986351 0.0013648518
0 0.99919254 0.0008074398
0 0.99949825 0.00050174503
0 0.99968004 0.0003199726
1 0.0029747542 0.9970253
1 0.0027380846 0.9972619
1 0.005000282 0.99499977
1 0.00207674 0.9979233
1 0.004352062 0.99564797
0 0.9998105 0.00018956482
0 0.99980146 0.00019853523
0 0.99978477 0.00021522955
0 0.9997453 0.0002546755
0 0.9997502 0.00024982778
0 0.99972135 0.00027864426
0 0.9998005 0.00019954337
0 0.99936205 0.00063791184
0 0.9997707 0.00022931818
0 0.999814 0.00018609548
0 0.999747 0.00025297684
0 0.99973863 0.00026138415
0 0.9997552 0.00024485536
0 0.9997377 0.0002622693
0 0.9997347 0.00026530263
0 0.9995598 0.00044020492
0 0.999585 0.00041499027
0 0.9995981 0.00040198368
0 0.99964786 0.00035208883
0 0.9995901 0.00040993816
0 0.99981886 0.00018121567
0 0.9992048 0.0007952528
0 0.9996214 0.00037855958
0 0.99977964 0.00022034462
0 0.9995585 0.00044145802
0 0.99974984 0.00025018127
0 0.997269 0.002730955
0 0.997695 0.0023049056
0 0.99646616 0.0035338555
0 0.997503 0.0024970558
0 0.9971771 0.0028228543
0 0.9964575 0.0035425206
1 0.059685428 0.94031453
1 0.09798762 0.9020124
0 0.9991756 0.00082435523
0 0.9892647 0.010735269
0 0.999734 0.00026601867
0 0.999726 0.00027392997
0 0.9995797 0.00042023812
0 0.99968386 0.00031615677
0 0.99957246 0.00042758844
1 0.18293057 0.8170694
0 0.9663477 0.03365232
1 0.31390578 0.6860942
1 0.2719519 0.7280481
1 0.21197054 0.78802943
1 0.17795452 0.8220455
0 0.5799331 0.42006692
1 0.06445515 0.93554485
1 0.06513152 0.9348684
1 0.0034448872 0.9965551
1 0.0034498002 0.9965502
1 0.0052486844 0.9947514
1 0.0023940792 0.9976059
1 0.004411765 0.9955882
0 0.9998016 0.00019849096
0 0.9997905 0.00020946964
0 0.999775 0.00022499225
0 0.9996911 0.00030886324
0 0.9995431 0.00045691745
0 0.9997092 0.00029080838
0 0.9997837 0.00021630076
0 0.99923944 0.00076058507
0 0.9997702 0.00022974008
0 0.9998149 0.00018504355
0 0.99975413 0.00024581954
0 0.99973315 0.00026678774
0 0.999726 0.00027402144
0 0.9997303 0.00026971922
0 0.99974185 0.00025811465
0 0.99948704 0.00051294634
0 0.9995351 0.0004649544
0 0.99955004 0.00044999013
0 0.9995921 0.000407872
0 0.99954957 0.00045042034
0 0.9998036 0.00019646608
0 0.9967788 0.0032212932
0 0.9995448 0.0004551165
0 0.99979764 0.00020240928
0 0.9995154 0.00048455963
0 0.9997211 0.00027886694
0 0.9971073 0.0028927317
1 0.4099362 0.5900638
0 0.5078625 0.4921375
1 0.2865944 0.7134056
1 0.25803518 0.7419648
1 0.27354103 0.7264589
0 0.7117788 0.28822124
0 0.9181894 0.08181054
1 0.0013591463 0.99864084
1 0.0066820933 0.99331784
1 0.0016598515 0.99834013
1 0.0035191334 0.9964809
1 0.0021190948 0.9978809
0 0.99974996 0.00025004917
0 0.9987729 0.0012270205
0 0.9996842 0.00031574653
0 0.99968433 0.00031564175
0 0.99968576 0.0003141988
1 0.09169767 0.9083023
1 0.36542636 0.63457364
1 0.019139688 0.98086035
1 0.3092882 0.6907118
1 0.090452 0.909548
0 0.9799422 0.02005778
0 0.96422213 0.035777874
0 0.9730698 0.026930153
0 0.993417 0.0065830266
0 0.96422213 0.035777874
0 0.9805627 0.01943726
0 0.9937801 0.0062199724
0 0.9960162 0.0039837626
0 0.99774396 0.0022561091
0 0.995531 0.004469047
0 0.99637383 0.0036261189
0 0.9986003 0.0013997303
0 0.9990221 0.0009778617
0 0.9968836 0.0031163783
0 0.9908394 0.009160638
0 0.9957807 0.004219339
0 0.99523133 0.0047686505
0 0.9995265 0.0004735044
0 0.9988219 0.001178122
0 0.9982291 0.0017709342
1 0.023377411 0.9766226
1 0.029549079 0.97045094
1 0.02404093 0.97595906
1 0.031389214 0.96861076
1 0.04798281 0.9520172
0 0.85340947 0.14659056
0 0.634337 0.36566305
0 0.96044785 0.039552223
0 0.965713 0.034287047
0 0.8976439 0.102356136
0 0.8234793 0.17652069
0 0.9455522 0.054447807
0 0.8287756 0.17122446
1 0.18651092 0.8134891
1 0.20062473 0.79937524
0 0.82587916 0.17412087
0 0.74174434 0.25825563
0 0.53300774 0.46699223
0 0.8200146 0.17998545
0 0.6657814 0.33421862
1 0.23367979 0.76632017
0 0.59439546 0.40560457
0 0.6945008 0.3054992
0 0.68175966 0.31824034
0 0.71839494 0.28160506
0 0.9133301 0.08666994
1 0.08105562 0.9189444
1 0.36852247 0.63147753
1 0.14286163 0.8571384
0 0.9649043 0.03509569
0 0.9153455 0.0846545
0 0.96868324 0.03131679
0 0.76812154 0.23187846
0 0.9283686 0.071631365
0 0.8121345 0.18786548
0 0.87785006 0.12214993
0 0.86622894 0.13377103
0 0.8589299 0.14107014
0 0.8442236 0.15577632
0 0.99657613 0.0034238852
0 0.9847152 0.015284738
0 0.92176336 0.07823665
0 0.9115581 0.08844186
0 0.8300747 0.16992532
0 0.93254864 0.067451335
0 0.9029748 0.09702523
0 0.74377656 0.2562235
0 0.96159226 0.03840768
0 0.8064821 0.19351794
0 0.6138748 0.38612515
0 0.90333956 0.0966604
0 0.9984927 0.0015073116
0 0.9975171 0.0024828694
0 0.9979241 0.0020759217
0 0.9983051 0.0016949405
0 0.99657744 0.0034225215
0 0.92320216 0.07679787
0 0.9457241 0.054275926
0 0.8097144 0.19028562
0 0.90034074 0.09965925
0 0.79954875 0.20045121
0 0.9906668 0.009333148
0 0.99905556 0.0009444152
0 0.995025 0.004974985
0 0.96400136 0.03599866
0 0.6242583 0.37574175
1 0.14199905 0.85800093
1 0.47616434 0.52383566
1 0.43766564 0.56233436
1 0.3454945 0.65450543
0 0.9742519 0.025748093
0 0.9709551 0.029044962
0 0.9661876 0.03381243
0 0.99204856 0.007951404
1 0.08717978 0.9128202
1 0.08360824 0.91639173
1 0.29275775 0.7072423
1 0.11621066 0.8837893
0 0.6040853 0.39591467
0 0.95470554 0.045294482
0 0.9293417 0.07065829
0 0.9809605 0.019039555
0 0.9883553 0.0116446875
0 0.99258935 0.0074105966
0 0.9747014 0.02529857
0 0.9333909 0.06660905
1 6.744178e-05 0.9999325
1 6.87255e-05 0.9999312
1 7.532065e-05 0.99992466
1 5.9619997e-05 0.9999404
1 6.222981e-05 0.9999378
1 6.242071e-05 0.99993753
0 0.9999243 7.5745476e-05
0 0.99992824 7.17776e-05
0 0.9999269 7.306884e-05
0 0.9999244 7.5605625e-05
0 0.99993205 6.796791e-05
0 0.99993455 6.544516e-05
0 0.9999317 6.826918e-05
1 0.4766788 0.5233212
1 0.23752347 0.7624765
1 0.14924558 0.85075444
1 0.287689 0.71231097
0 0.71251327 0.2874867
1 0.0026937153 0.9973062
1 0.0073130894 0.99268687
1 0.0014678073 0.9985322
1 0.00051232305 0.99948764
1 0.00047501863 0.99952495
1 0.0005459204 0.9994541
1 0.000555994 0.99944395
1 0.0006417475 0.99935824
0 0.99985373 0.0001462987
0 0.9998461 0.00015381695
0 0.99976474 0.0002353092
0 0.9998429 0.00015703519
0 0.9998375 0.0001624203
0 0.9998349 0.00016511143
0 0.9998603 0.00013973971
0 0.9998597 0.00014028227
0 0.99985707 0.00014285963
0 0.9998553 0.0001446745
0 0.9998541 0.00014585604
1 0.019824913 0.9801751
1 0.025554122 0.9744459
1 0.009501914 0.9904981
1 0.018069763 0.9819302
1 0.040306155 0.95969385
0 0.97047365 0.029526388
0 0.96679103 0.033208966
0 0.9577762 0.042223796
1 0.0026394704 0.9973605
1 0.0058202487 0.9941797
1 0.002565091 0.9974349
1 0.004112395 0.9958876
1 0.018093495 0.98190653
0 0.9906316 0.009368356
0 0.9953307 0.0046693827
0 0.9882476 0.011752413
1 0.12756246 0.87243754
1 0.050487347 0.94951266
1 0.07730819 0.92269176
1 0.13072723 0.86927277
1 0.11226771 0.8877322
0 0.93673027 0.063269675
0 0.9538915 0.04610842
0 0.9203594 0.079640664
0 0.97192615 0.028073804
0 0.9414116 0.058588378
0 0.999731 0.00026900863
0 0.9991278 0.000872151
0 0.9997502 0.0002498466
0 0.99975413 0.0002459166
0 0.99967647 0.00032351294
0 0.98753905 0.01246098
0 0.99497414 0.005025912
0 0.999532 0.0004679963
0 0.99621695 0.0037830109
0 0.9996815 0.0003185609
0 0.9994122 0.0005878152
0 0.9985246 0.0014754371
0 0.9929617 0.0070382957
0 0.9993285 0.00067150977
0 0.99975187 0.00024817497
0 0.99930096 0.00069903134
0 0.99987304 0.0001269648
0 0.99986315 0.00013686855
0 0.99984705 0.00015286975
0 0.9997764 0.00022361199
0 0.9998097 0.0001903202
0 0.9996711 0.00032885218
0 0.999731 0.000268984
0 0.9997663 0.00023370003
0 0.6354728 0.36452723
1 0.45647153 0.5435285
0 0.7187982 0.28120175
0 0.63294584 0.36705416
1 0.2825916 0.71740836
0 0.54227424 0.45772582
1 0.3869758 0.61302423
1 0.011027333 0.9889727
1 0.09329257 0.90670747
1 0.024574086 0.9754259
0 0.9986137 0.0013862242
0 0.99890554 0.0010944919
0 0.9994659 0.0005341305
0 0.9659548 0.03404523
0 0.99960214 0.00039790553
0 0.99952984 0.0004702362
0 0.9998252 0.0001749022
0 0.99983346 0.00016650047
0 0.99962246 0.0003775656
0 0.9996159 0.0003840128
0 0.9995943 0.00040575632
0 0.9997882 0.00021176942
0 0.9997849 0.00021515077
0 0.9985489 0.0014510419
0 0.9997392 0.00026073024
0 0.99970895 0.00029101857
0 0.99984884 0.00015118346
0 0.99957186 0.0004281913
0 0.54227424 0.45772582
0 0.99983764 0.00016233609
0 0.99932337 0.00067669555
0 0.99841046 0.0015895058
0 0.9996164 0.00038358805
0 0.9996613 0.0003386293
0 0.9998635 0.00013648954
0 0.99976736 0.00023261805
0 0.9998658 0.0001341598
0 0.9998172 0.00018280758
1 0.09717076 0.90282923
1 0.04016731 0.9598327
1 0.06223805 0.93776196
1 0.09797158 0.9020284
1 0.06614477 0.9338553
0 0.9292815 0.070718564
0 0.9524444 0.047555696
0 0.9537033 0.046296712
0 0.9795349 0.020465095
0 0.95578724 0.044212762
0 0.99979335 0.0002066773
0 0.9995641 0.0004359226
0 0.9998012 0.00019885619
0 0.9997514 0.00024856994
0 0.99974304 0.0002569751
0 0.992695 0.0073050493
0 0.998862 0.0011379508
0 0.9997683 0.00023174519
0 0.9981597 0.0018403044
0 0.9997584 0.00024163428
0 0.9997633 0.00023664585
0 0.99920976 0.0007902331
0 0.9952678 0.0047321515
0 0.99959916 0.00040081923
0 0.99975353 0.00024652042
0 0.99947697 0.0005230879
0 0.99986887 0.00013107204
0 0.9998777 0.0001223013
0 0.99985313 0.00014682248
0 0.9998573 0.0001426156
0 0.9998554 0.00014452863
0 0.9997216 0.00027835136
0 0.99977094 0.00022909569
0 0.99983287 0.00016704891
1 0.10869215 0.89130783
1 0.25771725 0.7422827
0 0.9990169 0.0009830846
0 0.99888796 0.0011120457
0 0.91630036 0.0836996
0 0.95105106 0.048948884
0 0.99137175 0.008628281
1 0.21520141 0.7847986
0 0.9541513 0.045848675
0 0.9967435 0.0032565144
0 0.9646399 0.035360094
0 0.98978287 0.010217104
0 0.9843389 0.015661143
1 0.049534686 0.95046526
1 0.080231726 0.91976833
0 0.95026064 0.049739346
0 0.8606497 0.13935031
0 0.9683812 0.031618737
0 0.98818797 0.011812081
0 0.9577205 0.042279482
0 0.989677 0.010323071
0 0.98239684 0.01760311
1 0.27124327 0.7287567
1 0.35976744 0.64023256
1 0.3361102 0.6638898
1 0.109617725 0.89038223
0 0.8587858 0.14121415
0 0.99557257 0.004427445
1 0.3150208 0.68497926
0 0.7223492 0.27765077
1 0.23304278 0.7669573
1 0.43537828 0.5646217
1 0.2274461 0.77255386
0 0.7427272 0.25727272
1 0.22227627 0.7777238
0 0.82195604 0.17804392
0 0.54405564 0.45594436
0 0.9010201 0.098979875
0 0.99709654 0.0029035197
0 0.99254906 0.0074509433
0 0.97220755 0.027792472
1 0.43679821 0.5632018
1 0.09959714 0.9004029
1 0.0249917 0.9750083
1 0.05650109 0.9434989
1 0.08127755 0.9187224
1 0.0651005 0.93489945
0 0.9813177 0.018682275
0 0.97233653 0.027663453
0 0.9666958 0.033304233
0 0.9887072 0.011292871
0 0.9718801 0.02811996
0 0.99977654 0.00022345022
0 0.9996413 0.00035864444
0 0.9997892 0.00021084967
0 0.99975544 0.0002445292
0 0.9997607 0.00023927745
0 0.99701047 0.002989494
0 0.9982463 0.0017536592
0 0.9997515 0.00024850242
0 0.9991787 0.00082128256
0 0.9997538 0.00024619364
0 0.99971324 0.00028678737
0 0.9993938 0.00060619443
0 0.9962339 0.0037661637
0 0.9996613 0.000338711
0 0.9997956 0.00020444649
0 0.9995042 0.00049584074
0 0.99987566 0.00012434543
0 0.99988127 0.00011867972
0 0.99985313 0.00014687066
0 0.9998381 0.00016183934
0 0.9998343 0.00016569525
0 0.999783 0.00021705504
0 0.99979645 0.0002036127
0 0.99983907 0.00016094526
1 0.2541272 0.7458728
1 0.08684174 0.9131583
1 0.20352718 0.79647285
1 0.21733613 0.7826638
1 0.3225033 0.6774967
0 0.89481634 0.105183646
0 0.9422855 0.057714522
0 0.8832454 0.11675459
0 0.9421044 0.05789553
0 0.90773255 0.092267446
0 0.95888466 0.041115284
0 0.9976246 0.002375399
0 0.9726591 0.027340857
0 0.7504865 0.24951346
0 0.9975425 0.0024575794
0 0.9807273 0.019272633
0 0.97962385 0.020376205
0 0.9987134 0.0012865989
0 0.9920793 0.007920672
0 0.9986842 0.0013157568
0 0.99892694 0.001073057
0 0.99136955 0.008630533
0 0.97927046 0.020729503
0 0.99905425 0.00094569835
0 0.99960166 0.00039840164
0 0.9960716 0.0039284397
0 0.999869 0.0001310228
0 0.99981433 0.00018570783
0 0.9998591 0.0001409433
0 0.99970645 0.00029357962
0 0.9998115 0.00018856951
0 0.99924004 0.00075992616
0 0.9992034 0.0007966317
0 0.9994821 0.00051791134
1 0.39747256 0.6025275
1 0.38607565 0.6139243
1 0.4170508 0.5829492
1 0.2860361 0.71396387
1 0.44707614 0.55292386
1 0.00013583568 0.9998641
1 0.0001187155 0.99988127
1 0.00013348617 0.9998665
1 0.00015761216 0.9998424
1 0.0002153942 0.99978465
0 0.9999032 9.6841315e-05
0 0.99986863 0.00013136194
0 0.9995882 0.00041177974
0 0.9999263 7.3656774e-05
0 0.9999231 7.69338e-05
0 0.99982435 0.00017573051
0 0.99984574 0.00015427599
0 0.99982625 0.00017381126
0 0.99985075 0.00014922331
1 0.009171161 0.9908289
0 0.66385686 0.3361432
1 0.010747105 0.98925287
1 0.009923771 0.99007624
1 0.009996068 0.9900039
0 0.9907006 0.009299357
0 0.66385686 0.3361432
0 0.9946331 0.005366971
0 0.99353576 0.0064642155
0 0.99485 0.005149969
0 0.99970007 0.00029997504
0 0.9998136 0.0001864283
0 0.9991511 0.00084890425
0 0.66385686 0.3361432
0 0.9991621 0.0008379887
0 0.9976914 0.0023086085
0 0.99973637 0.00026357785
1 0.00657001 0.99342996
1 0.002555014 0.997445
1 0.0033191044 0.9966809
1 0.004117476 0.9958825
1 0.003185244 0.9968148
0 0.9983625 0.0016375672
0 0.99877113 0.0012288938
0 0.9989606 0.001039427
0 0.99802715 0.0019727787
0 0.9994808 0.00051925145
0 0.99927646 0.00072351727
0 0.9989266 0.0010734444
0 0.99975735 0.00024266697
0 0.99973446 0.0002654911
0 0.9998248 0.00017522837
0 0.99948347 0.00051647535
0 0.7989779 0.20102206
0 0.85074675 0.14925322
0 0.5042646 0.4957354
1 0.21520537 0.78479457
0 0.64531857 0.3546814
0 0.84304076 0.15695925
0 0.7534308 0.24656923
0 0.51774627 0.4822537
1 0.15768202 0.842318
0 0.61651486 0.3834852
1 0.25957173 0.74042827
1 0.4245832 0.5754168
1 0.19531696 0.804683
1 0.44536644 0.5546336
1 0.022700883 0.97729915
1 0.040926214 0.9590738
1 0.032036662 0.9679633
1 0.03757255 0.96242744
1 0.028195007 0.971805
0 0.99735045 0.0026495669
0 0.9993513 0.0006487117
0 0.9600619 0.03993806
0 0.9611151 0.038884867
0 0.99383426 0.0061657624
0 0.99460804 0.0053919144
0 0.99012953 0.009870522
0 0.99709463 0.0029053574
0 0.9879759 0.012024142
1 0.4830673 0.51693267
0 0.9023034 0.097696654
1 0.4088146 0.59118533
1 0.30076954 0.6992305
1 0.34723634 0.6527636
0 0.96706855 0.032931454
0 0.9120033 0.08799668
0 0.93830186 0.06169811
0 0.9349979 0.06500209
0 0.8972252 0.10277482
1 0.28617638 0.7138236
1 0.40744898 0.59255105
0 0.9845291 0.01547099
0 0.5144358 0.4855641
1 0.4010641 0.5989359
0 0.65368855 0.34631145
0 0.9023034 0.097696654
0 0.99926084 0.0007391371
0 0.99463826 0.005361737
0 0.99630725 0.0036927373
0 0.9952887 0.00471129
1 0.31486192 0.68513805
1 0.19416687 0.80583316
1 0.03767367 0.9623263
1 0.13110639 0.86889356
1 0.33138725 0.6686127
0 0.9218442 0.07815576
0 0.92331046 0.07668949
0 0.8876266 0.11237348
0 0.9965933 0.0034066278
0 0.98923725 0.010762823
0 0.9983393 0.0016607171
1 0.09217837 0.90782166
1 0.115855955 0.884144
1 0.0970091 0.9029909
1 0.29533246 0.70466757
1 0.25098655 0.7490135
0 0.718163 0.28183693
0 0.72246677 0.27753317
0 0.8870107 0.112989336
0 0.99406505 0.0059348936
0 0.9869441 0.013055908
0 0.99700814 0.0029919117
0 0.9945109 0.0054891314
0 0.9869441 0.013055908
0 0.99553007 0.004469912
0 0.9947331 0.005266912
1 0.17900877 0.8209913
1 0.31140321 0.6885967
1 0.31679678 0.6832032
1 0.3678478 0.6321522
0 0.8700335 0.12996654
0 0.69693947 0.30306056
0 0.9611692 0.038830746
0 0.8153026 0.18469734
1 0.46576998 0.53423
0 0.8156864 0.18431363
0 0.86186546 0.13813454
0 0.98269385 0.01730611
0 0.75153935 0.24846064
0 0.98065805 0.01934193
0 0.90920717 0.09079289
0 0.8813848 0.11861522
0 0.8730718 0.12692825
0 0.97875094 0.021249026
0 0.93468434 0.065315604
0 0.8338903 0.16610971
0 0.86186546 0.13813454
0 0.89923596 0.10076402
0 0.75153935 0.24846064
0 0.7690238 0.2309763
0 0.9437821 0.056217913
0 0.76747996 0.23252003
0 0.8776913 0.12230864
0 0.9517335 0.04826645
0 0.9611506 0.038849387
0 0.99835205 0.0016479682
0 0.99882025 0.0011797223
0 0.99710006 0.0028999657
0 0.9966588 0.0033412585
0 0.998431 0.0015689379
0 0.99690753 0.0030925015
0 0.99838114 0.0016189144
0 0.9838944 0.016105564
0 0.9744241 0.02557586
0 0.90416306 0.09583692
0 0.9509536 0.04904636
0 0.95330226 0.04669778
0 0.99708205 0.0029179298
0 0.9959798 0.004020156
0 0.98265564 0.017344331
0 0.9820727 0.017927215
0 0.9908675 0.009132487
0 0.9982828 0.0017172686
0 0.99868876 0.0013112506
0 0.99778384 0.002216204
0 0.99644667 0.00355336
0 0.9971988 0.0028011536
0 0.9804528 0.01954722
0 0.9845553 0.015444661
0 0.98216033 0.01783963
0 0.90704405 0.092955954
0 0.8216914 0.17830864
0 0.9582371 0.041762907
0 0.9633826 0.03661742
0 0.91402 0.08597994
0 0.87544036 0.12455959
0 0.98341334 0.016586667
0 0.9976311 0.002368881
0 0.98271275 0.017287277
0 0.998874 0.0011259977
0 0.9815731 0.0184269
0 0.9827566 0.017243393
0 0.98197687 0.018023144
0 0.97597957 0.024020461
0 0.9875624 0.012437565
0 0.97512317 0.024876857
0 0.9971106 0.0028893584
0 0.9931518 0.0068482226
0 0.9988159 0.0011841779
0 0.99412495 0.0058750357
0 0.9979873 0.0020127094
0 0.9981755 0.001824467
0 0.99899143 0.0010085895
0 0.96834946 0.03165054
0 0.98718715 0.012812884
0 0.995357 0.0046429564
0 0.99642426 0.0035756852
0 0.9979361 0.0020638353
0 0.99521 0.004789986
0 0.9594509 0.040549017
0 0.83628005 0.1637199
0 0.9669785 0.033021465
0 0.94324005 0.056760024
0 0.9693917 0.03060832
0 0.9843545 0.01564553
0 0.9596933 0.04030676
0 0.9929852 0.0070147435
0 0.9852374 0.01476263
0 0.98356736 0.016432656
0 0.98136973 0.01863029
0 0.8813848 0.11861522
0 0.95823133 0.041768648
0 0.96088743 0.03911258
0 0.95840836 0.041591685
0 0.9915714 0.008428569
0 0.9934464 0.0065535484
0 0.9919397 0.008060306
0 0.9822075 0.017792452
0 0.9891573 0.010842694
0 0.98481584 0.015184121
0 0.9731607 0.026839336
0 0.9775983 0.022401655
0 0.99395186 0.0060480633
0 0.9880214 0.011978609
0 0.99499124 0.005008792
0 0.9920819 0.007918152
0 0.99726665 0.0027334006
0 0.99156827 0.008431758
0 0.91178894 0.088211045
0 0.975598 0.024401966
0 0.9897314 0.010268558
0 0.98557913 0.014420881
0 0.99830866 0.0016913491
0 0.99526656 0.0047334163
0 0.9993773 0.00062269415
0 0.998252 0.0017479721
0 0.9988475 0.0011524854
0 0.99830246 0.0016975536
0 0.9982674 0.0017325958
0 0.9989329 0.001067081
0 0.997554 0.002445994
0 0.9982048 0.0017951593
0 0.96741074 0.032589238
0 0.96453434 0.035465702
0 0.975879 0.024120957
0 0.99880207 0.0011979094
0 0.9758957 0.024104347
0 0.97891766 0.021082338
0 0.9572854 0.04271458
0 0.97814536 0.02185458
0 0.96299577 0.037004225
0 0.9864138 0.013586143
0 0.62058395 0.37941608
1 0.43965432 0.5603457
0 0.73422366 0.2657764
0 0.7675697 0.23243026
0 0.7701264 0.2298736
1 0.48362738 0.51637256
0 0.7432962 0.25670382
0 0.8841634 0.11583664
0 0.8381306 0.16186944
0 0.9147479 0.08525207
0 0.7312605 0.26873952
0 0.76641256 0.23358744
0 0.93626064 0.063739374
0 0.8856066 0.11439342
0 0.9525567 0.047443286
0 0.9314741 0.06852593
0 0.9285304 0.071469605
0 0.94570154 0.054298524
1 0.4712642 0.5287358
0 0.9308535 0.0691465
0 0.9257058 0.07429416
1 0.04618087 0.9538191
0 0.750582 0.249418
1 0.07623994 0.92376006
1 0.04528838 0.9547116
1 0.09991806 0.90008193
0 0.99900997 0.0009900635
0 0.9990502 0.00094978063
0 0.9974866 0.0025133418
0 0.86741686 0.13258314
0 0.750582 0.249418
0 0.66506135 0.33493862
0 0.95224714 0.04775286
0 0.9194932 0.08050685
0 0.9972114 0.0027885868
0 0.9961272 0.0038727983
0 0.9969373 0.0030627192
0 0.999585 0.00041506684
0 0.9992092 0.0007907701
0 0.9990662 0.00093385775
0 0.9986394 0.0013606222
0 0.998539 0.0014610954
0 0.99872607 0.0012738555
0 0.98710966 0.012890344
0 0.97380406 0.02619596
0 0.9708038 0.029196154
0 0.97721624 0.02278374
0 0.9904323 0.009567683
0 0.9969983 0.0030017677
0 0.9993259 0.0006741687
0 0.99936706 0.0006330126
0 0.99654275 0.003457205
0 0.9969668 0.0030332669
0 0.99734575 0.0026542835
0 0.98788536 0.01211465
0 0.9986511 0.0013489911
0 0.9987902 0.0012098334
0 0.999479 0.0005210323
0 0.9992111 0.0007888889
0 0.999582 0.0004180492
0 0.99814785 0.0018521158
0 0.99857104 0.0014289082
1 0.0021880057 0.9978119
1 0.0011627976 0.9988372
0 0.5564831 0.4435169
1 0.0035557158 0.9964443
1 0.0035890094 0.996411
1 0.0018981863 0.9981019
0 0.99969876 0.0003012631
0 0.9986903 0.0013096681
0 0.99972636 0.00027358026
0 0.99969935 0.0003007336
0 0.99971753 0.00028247866
0 0.99925727 0.00074267667
0 0.9936172 0.006382833
0 0.9997396 0.00026034747
0 0.99952817 0.0004717968
0 0.99966943 0.00033052935
0 0.99971896 0.00028099056
0 0.9995041 0.00049590925
0 0.9996569 0.0003430422
0 0.99978894 0.0002110321
0 0.99975294 0.00024702575
0 0.5564831 0.4435169
0 0.9998573 0.00014268333
0 0.9998739 0.00012610787
0 0.99987745 0.0001225759
0 0.9998203 0.00017973506
0 0.9998511 0.00014892538
0 0.5564831 0.4435169
0 0.99986553 0.00013440682
0 0.9998847 0.00011526769
0 0.9998846 0.00011539076
0 0.9998952 0.00010480051
0 0.99989223 0.000107716245
0 0.9998926 0.00010740669
0 0.9998147 0.00018534587
0 0.9957302 0.004269785
0 0.9997396 0.00026034747
1 0.0026823347 0.9973176
1 0.0030172537 0.99698275
1 0.002040047 0.99796
1 0.0029207726 0.99707925
1 0.0020123685 0.9979876
0 0.9994281 0.00057186314
0 0.9991247 0.0008752758
0 0.999493 0.00050699076
1 0.3983369 0.6016632
1 0.47916323 0.5208367
0 0.90106094 0.09893906
0 0.908939 0.091060966
0 0.96018606 0.039813958
0 0.9798211 0.020178927
0 0.84597206 0.15402795
0 0.8279632 0.17203687
0 0.7406109 0.25938913
0 0.9198679 0.08013212
0 0.88352704 0.11647291
0 0.9032015 0.096798494
0 0.9935528 0.006447186
0 0.993757 0.0062430343
0 0.99272764 0.0072723455
0 0.98068786 0.01931217
0 0.9974087 0.0025913613
0 0.9908229 0.009177059
0 0.97518677 0.024813313
0 0.996507 0.0034929747
0 0.9785265 0.021473551
0 0.95656216 0.043437842
0 0.981618 0.018382033
0 0.9781585 0.021841563
0 0.9924213 0.0075786826
0 0.7298254 0.27017462
0 0.8205411 0.17945889
0 0.98244035 0.017559683
0 0.9446432 0.055356868
0 0.9622071 0.037792906
0 0.996615 0.00338497
0 0.94908273 0.05091726
0 0.9971252 0.0028748126
0 0.9968188 0.0031811723
0 0.9783781 0.021621944
0 0.9935721 0.006427923
0 0.9871084 0.012891569
0 0.99874735 0.0012526255
0 0.9958158 0.0041841627
0 0.9984428 0.0015571958
0 0.99851626 0.0014837926
0 0.995589 0.004410997
1 0.1385673 0.8614327
1 0.45324722 0.54675275
1 0.116185546 0.88381445
1 0.17205888 0.82794106
1 0.09341593 0.9065841
0 0.9971783 0.0028216399
0 0.99606484 0.0039351285
0 0.99558073 0.004419295
0 0.99658406 0.003415915
0 0.99805033 0.0019496693
0 0.99435544 0.0056446246
0 0.9935381 0.006461898
0 0.99732107 0.002678898
0 0.9938153 0.0061847665
0 0.9959799 0.0040200716
0 0.99448955 0.0055103838
0 0.99802893 0.001971082
0 0.9994234 0.00057667965
0 0.99900216 0.000997829
0 0.9961344 0.0038656767
0 0.98424834 0.01575163
0 0.99909174 0.0009082794
0 0.9958158 0.0041841627
0 0.99835074 0.0016492978
0 0.99791425 0.0020857141
0 0.99951375 0.00048621738
0 0.9996401 0.00035989427
0 0.99976164 0.0002383837
0 0.99978036 0.00021968363
1 0.06114576 0.9388542
1 0.19145796 0.808542
1 0.26881868 0.7311813
1 0.052020136 0.9479798
1 0.057467084 0.9425329
0 0.99339867 0.006601281
0 0.9639274 0.036072567
0 0.92375815 0.076241896
0 0.93800133 0.06199867
0 0.98520917 0.0147908125
0 0.8826805 0.11731947
0 0.8664682 0.13353181
0 0.8247754 0.17522466
0 0.80275357 0.19724646
0 0.95161414 0.048385914
0 0.9842831 0.01571687
0 0.98520917 0.0147908125
0 0.9634367 0.03656328
0 0.92677015 0.07322988
0 0.731464 0.26853597
0 0.9568155 0.043184526
0 0.9406399 0.059360024
1 0.02408998 0.97591
1 0.14867127 0.8513287
0 0.93097395 0.06902597
1 0.12622076 0.8737793
0 0.97524536 0.024754643
0 0.99755484 0.00244514
1 0.12309532 0.8769047
1 0.07602883 0.92397124
1 0.0010375843 0.9989624
1 0.00067622587 0.99932384
0 0.99982697 0.00017308736
0 0.9997875 0.00021246597
0 0.9998217 0.00017833301
0 0.99974877 0.0002511712
0 0.9997557 0.00024437584
0 0.99972504 0.00027492162
0 0.9997384 0.00026155214
0 0.9916359 0.008364064
0 0.9780285 0.021971522
0 0.9908427 0.009157288
1 0.25294533 0.74705464
1 0.20942236 0.7905776
1 0.13028243 0.8697176
1 0.072136275 0.9278637
1 0.122581616 0.8774184
0 0.99660975 0.003390173
0 0.99784446 0.0021554886
0 0.9940964 0.005903536
0 0.9972499 0.0027500454
0 0.98564386 0.01435612
0 0.99887246 0.0011275397
0 0.99969256 0.0003074457
0 0.99967706 0.0003229552
0 0.99470043 0.0052996073
0 0.99886274 0.0011372794
0 0.9748887 0.025111318
0 0.9862787 0.013721255
0 0.9986677 0.0013323214
0 0.9981534 0.0018466277
0 0.9465073 0.053492785
0 0.93281496 0.06718503
0 0.7026901 0.29730982
0 0.99877304 0.0012268884
0 0.9992218 0.00077816134
0 0.9985843 0.0014157993
0 0.9986344 0.0013656308
0 0.9981053 0.0018946986
0 0.7951005 0.20489945
0 0.8812897 0.11871029
0 0.5611213 0.43887872
0 0.7283439 0.27165604
0 0.99801683 0.0019831972
0 0.99786407 0.0021359455
0 0.996278 0.003721995
0 0.9945205 0.005479495
0 0.9479904 0.052009534
0 0.9904213 0.009578651
0 0.99890685 0.0010931696
0 0.9982255 0.0017744901
0 0.9971163 0.0028837277
0 0.9983912 0.0016087305
0 0.9797197 0.020280283
0 0.9814315 0.018568458
0 0.99658525 0.003414727
0 0.8468951 0.15310484
0 0.6829603 0.3170397
0 0.96958935 0.030410629
0 0.98822916 0.011770853
0 0.99580413 0.004195879
0 0.9718149 0.028185114
0 0.99950004 0.0004999988
0 0.99518776 0.0048121978
0 0.99956566 0.00043435878
0 0.99752814 0.0024718777
0 0.9987142 0.0012857952
0 0.9984469 0.001553125
0 0.99879587 0.0012040902
0 0.9994991 0.000500877
0 0.99890757 0.0010923918
0 0.99818194 0.0018181145
0 0.9960977 0.0039022572
0 0.8909377 0.109062254
1 0.23079363 0.7692064
1 0.25882843 0.7411716
1 0.41760433 0.5823957
1 0.47858417 0.5214158
0 0.5592037 0.44079626
0 0.6804891 0.31951088
0 0.592939 0.40706098
0 0.59523857 0.40476143
0 0.7731406 0.22685945
0 0.71561724 0.28438273
0 0.9997718 0.00022827629
0 0.9998204 0.00017961753
0 0.99981385 0.000186118
0 0.999902 9.798563e-05
0 0.99964416 0.0003558307
0 0.9994893 0.00051066274
0 0.99977463 0.00022536972
0 0.9956097 0.004390346
0 0.9997255 0.00027444653
0 0.99978524 0.0002147679
0 0.99972457 0.0002753736
0 0.99979585 0.00020411867
0 0.9998305 0.00016951788
0 0.9998425 0.00015744873
0 0.999859 0.00014105732
0 0.9989278 0.001072178
0 0.9982906 0.0017094121
0 0.99986804 0.00013199063
0 0.9998548 0.00014515192
0 0.998723 0.0012770256
0 0.99973196 0.0002680455
0 0.99962795 0.00037199204
0 0.9998306 0.00016935084
0 0.9997607 0.00023936806
0 0.9997824 0.00021762845
0 0.9998091 0.00019095732
0 0.7469637 0.2530363
0 0.92915416 0.07084589
1 0.4066444 0.5933556
1 0.3314255 0.66857445
0 0.8330359 0.16696411
0 0.9863745 0.013625487
0 0.9453579 0.054642122
0 0.9965125 0.0034875115
0 0.98737806 0.012621911
0 0.9605762 0.039423846
0 0.9925512 0.0074488386
0 0.992187 0.007812915
0 0.9969248 0.0030752018
0 0.9959643 0.0040356754
0 0.9957824 0.00421761
0 0.9951448 0.00485515
0 0.9547024 0.04529759
0 0.87050396 0.12949598
0 0.9547024 0.04529759
0 0.60252476 0.39747524
0 0.76490337 0.23509659
0 0.87605035 0.12394966
0 0.9995999 0.0004001968
0 0.99856025 0.0014397193
1 0.41891465 0.5810854
0 0.7602098 0.23979016
1 0.4492772 0.55072284
1 0.33366275 0.6663373
1 0.48083675 0.51916325
0 0.8410252 0.15897484
0 0.9887593 0.011240772
0 0.9647158 0.03528419
0 0.7657182 0.23428173
0 0.85608697 0.14391303
0 0.8806303 0.119369656
0 0.94323665 0.056763366
0 0.7538915 0.24610852
0 0.6807401 0.31925985
0 0.98521674 0.014783283
0 0.99238753 0.007612516
0 0.9677212 0.032278787
0 0.9326998 0.06730019
1 0.052277237 0.9477228
1 0.038718827 0.96128124
1 0.020654367 0.9793457
1 0.009800618 0.9901994
0 0.65882367 0.3411763
0 0.6992271 0.3007729
0 0.63865685 0.36134318
1 0.2007258 0.7992742
1 0.10681776 0.8931823
1 0.18127972 0.8187203
1 0.06435887 0.9356411
1 0.44104043 0.55895954
0 0.53573465 0.4642654
1 0.35829493 0.6417051
1 0.3857686 0.61423147
1 0.012385617 0.9876144
1 0.09174645 0.90825355
1 0.03171376 0.9682862
0 0.89424515 0.10575483
1 0.3857686 0.61423147
0 0.9790765 0.020923456
0 0.9794008 0.020599179
0 0.964393 0.035606906
0 0.99471277 0.005287214
0 0.989181 0.010819026
0 0.9964156 0.00358436
0 0.9931378 0.0068621426
0 0.9960926 0.0039074006
1 0.025954638 0.97404534
1 0.11074728 0.8892527
1 0.060640566 0.9393595
1 0.24491955 0.75508046
0 0.725547 0.27445298
0 0.9527261 0.047273826
0 0.8492806 0.15071943
0 0.9000151 0.09998485
0 0.729415 0.27058503
1 0.2464967 0.7535033
0 0.865121 0.13487898
0 0.93161523 0.06838483
1 0.14911965 0.8508803
0 0.92398405 0.07601599
0 0.992423 0.0075770477
0 0.9760252 0.023974763
0 0.98979086 0.010209175
0 0.9724699 0.027530132
0 0.9806708 0.019329254
0 0.55196244 0.44803756
0 0.812803 0.18719698
0 0.9964122 0.0035877747
0 0.9931579 0.006842053
0 0.9981901 0.0018098525
0 0.9973346 0.0026654634
0 0.9983191 0.0016809162
0 0.9834176 0.016582403
0 0.9962112 0.003788789
0 0.99493754 0.0050624837
0 0.9463335 0.05366649
0 0.7432916 0.25670835
0 0.9234847 0.07651528
1 0.3127065 0.68729347
1 0.23995765 0.76004237
0 0.98396575 0.016034216
0 0.99049276 0.00950727
0 0.99407226 0.0059277755
0 0.9974853 0.0025146957
0 0.9974239 0.0025761067
0 0.9918745 0.008125477
0 0.9765891 0.023410928
0 0.9781206 0.02187937
0 0.9840677 0.015932389
0 0.99902165 0.0009782903
0 0.99720484 0.0027951582
0 0.9924569 0.007543081
0 0.9907403 0.009259707
0 0.99899894 0.0010010569
0 0.99478513 0.0052149384
0 0.9946635 0.005336481
0 0.77284473 0.22715528
0 0.74058646 0.2594136
0 0.77131754 0.22868247
0 0.9687576 0.031242397
0 0.9925177 0.007482313
0 0.9408313 0.0591687
1 0.4272344 0.5727656
0 0.55428195 0.4457181
0 0.5239984 0.47600162
0 0.9710207 0.028979316
0 0.94523853 0.054761484
1 0.001365604 0.9986344
1 0.0012756597 0.9987243
1 0.0020871002 0.99791294
1 0.008725289 0.9912747
1 0.0013769692 0.998623
0 0.98776764 0.012232377
0 0.9950067 0.004993241
0 0.9976804 0.0023195092
0 0.99546343 0.00453659
0 0.9977869 0.0022131177
0 0.9982008 0.0017991439
0 0.99975806 0.00024197916
0 0.9997849 0.00021508348
0 0.99974185 0.00025813832
0 0.99822885 0.0017711584
0 0.79372334 0.20627664
0 0.92356163 0.07643838
0 0.65347165 0.3465283
0 0.61861825 0.38138172
1 0.27706736 0.72293264
1 0.23807971 0.7619203
0 0.6755969 0.32440317
0 0.9982455 0.0017545376
0 0.9969336 0.0030663728
0 0.85494864 0.14505136
0 0.85198945 0.14801052
0 0.969114 0.030886063
0 0.94810957 0.05189042
0 0.72884285 0.27115712
0 0.96224827 0.037751693
0 0.99762267 0.0023772798
0 0.98201054 0.017989404
0 0.99866056 0.0013393933
0 0.9834319 0.01656808
0 0.99416995 0.0058300775
0 0.98375744 0.01624259
0 0.942396 0.057604045
0 0.9899328 0.01006729
0 0.994582 0.0054179938
0 0.74955636 0.25044364
0 0.7945004 0.20549957
0 0.94088405 0.059115976
0 0.9873806 0.012619338
0 0.6953959 0.3046041
0 0.55596113 0.4440389
1 0.36869493 0.6313051
0 0.68571764 0.31428236
0 0.99197024 0.008029741
0 0.99853516 0.0014647961
0 0.997775 0.0022249902
0 0.9981415 0.0018584242
0 0.9949609 0.005039106
0 0.99606764 0.0039323224
0 0.9983789 0.0016211732
0 0.99823487 0.0017651662
0 0.9980866 0.0019134515
0 0.99934274 0.0006572486
0 0.98983544 0.010164528
0 0.99059707 0.0094029065
0 0.896633 0.103367
0 0.9778827 0.022117289
0 0.96850723 0.031492744
0 0.9597887 0.040211286
0 0.9929087 0.0070913304
0 0.9825602 0.017439721
0 0.92248166 0.077518374
0 0.9983708 0.0016291817
0 0.9133893 0.0866107
1 0.10532198 0.894678
1 0.027730828 0.9722692
1 0.13732772 0.86267227
1 0.012970911 0.9870291
0 0.8338141 0.1661859
0 0.73965186 0.26034814
1 0.30344307 0.69655687
1 0.15577535 0.8442247
1 0.20960918 0.79039085
1 0.0702027 0.9297973
1 0.07695951 0.9230405
0 0.9315755 0.06842455
0 0.9400122 0.059987817
0 0.9938413 0.006158652
0 0.99313605 0.0068639894
0 0.9832197 0.016780281
0 0.99930763 0.0006923477
0 0.9985617 0.0014383834
0 0.99204856 0.007951365
0 0.9952253 0.0047746697
0 0.99480647 0.00519349
0 0.987003 0.012996994
0 0.98392004 0.016079977
0 0.74405956 0.2559404
0 0.5263641 0.47363585
0 0.9894666 0.01053336
0 0.7299685 0.2700315
1 0.45759672 0.54240334
1 0.282293 0.71770704
1 0.23694605 0.76305395
1 0.31652096 0.683479
1 0.00076444674 0.9992355
1 0.0008076568 0.9991923
1 0.0015081572 0.9984919
1 0.00045073195 0.9995492
1 0.0005575547 0.9994424
0 0.9990578 0.0009421729
0 0.995593 0.004407003
0 0.9982889 0.0017111119
0 0.997232 0.0027680448
0 0.99911124 0.00088874355
0 0.9996308 0.00036912886
0 0.99975103 0.00024896653
0 0.99986315 0.0001368722
0 0.999833 0.00016698474
0 0.99987435 0.00012559186
0 0.9998648 0.00013512155
1 0.0050814888 0.9949185
1 0.035400435 0.96459955
0 0.9968694 0.003130562
0 0.99671364 0.0032863186
0 0.99899143 0.0010085583
0 0.9989378 0.0010622502
0 0.99960345 0.00039658297
0 0.9996456 0.00035443768
0 0.99930966 0.00069035334
0 0.99965453 0.00034546986
0 0.9995722 0.00042776534
0 0.99854964 0.0014503096
0 0.9998271 0.00017299663
0 0.9997726 0.00022743359
0 0.99972934 0.00027066102
0 0.99926025 0.0007397435
1 0.0029502288 0.9970497
0 0.8937184 0.106281586
1 0.0101993745 0.98980063
1 0.00551684 0.9944832
0 0.9509578 0.049042147
0 0.9671117 0.032888286
0 0.99968314 0.0003168967
0 0.9996729 0.00032711463
1 0.0008580777 0.99914193
1 0.0013895936 0.9986104
1 0.0006630923 0.9993369
1 0.0009066642 0.9990933
1 0.0010980896 0.99890184
0 0.9998191 0.0001809539
0 0.99982977 0.00017021809
0 0.99977726 0.00022270897
0 0.99982977 0.00017022117
0 0.99975497 0.0002450471
0 0.99983966 0.00016027386
0 0.99987614 0.00012385314
0 0.9998727 0.0001272619
0 0.9998357 0.0001642166
0 0.9998708 0.00012919141
0 0.9998574 0.00014254542
0 0.9998319 0.00016805223
0 0.9998442 0.00015573863
0 0.99982613 0.00017391173
0 0.999871 0.00012895116
0 0.9998504 0.00014961242
0 0.99988306 0.00011697087
0 0.9998779 0.00012211147
0 0.9998418 0.00015821248
0 0.9998505 0.00014944402
0 0.9998772 0.00012282314
0 0.9998816 0.000118403485
0 0.99983466 0.00016534126
0 0.99985504 0.00014497557
0 0.99986815 0.00013186657
0 0.9998661 0.00013390485
0 0.9998578 0.00014216673
0 0.99981934 0.00018064065
0 0.9998418 0.00015814748
0 0.9998572 0.0001427914
0 0.9998603 0.00013970654
0 0.9998573 0.0001426145
0 0.9998343 0.00016571676
0 0.9998517 0.00014828262
0 0.9998222 0.00017777173
0 0.9998209 0.00017914372
0 0.99982506 0.00017494004
0 0.9998789 0.000121101235
0 0.99985826 0.00014175603
0 0.99984145 0.00015846672
1 0.020106725 0.9798933
1 0.03749527 0.96250474
1 0.012742825 0.9872572
1 0.009020084 0.99097985
1 0.020093417 0.9799066
0 0.9984963 0.0015036989
0 0.9980995 0.0019004641
0 0.99929976 0.0007002372
0 0.998331 0.0016690341
0 0.99953866 0.00046141783
0 0.99970967 0.000290341
0 0.9997701 0.00022991322
0 0.9908468 0.009153174
0 0.9865971 0.013402923
0 0.9977755 0.0022245192
0 0.99005985 0.009940092
0 0.99140465 0.008595346
0 0.99898106 0.0010189092
0 0.9980995 0.0019004641
0 0.997528 0.0024719671
0 0.9964104 0.0035896113
0 0.9942179 0.005782063
0 0.9997681 0.0002319291
0 0.99961984 0.0003801577
0 0.9997887 0.00021126402
0 0.99977726 0.00022280584
0 0.99977785 0.00022215779
0 0.9993924 0.0006076507
0 0.9952101 0.00478993
0 0.99669915 0.0033008722
0 0.99912053 0.00087942096
0 0.9927797 0.0072203837
1 0.07664008 0.92336
1 0.06954219 0.9304578
1 0.021286767 0.9787133
1 0.032221437 0.96777856
1 0.021767687 0.97823226
1 0.26565447 0.7343455
1 0.046123862 0.95387614
1 0.34093234 0.6590677
0 0.8297832 0.17021678
1 0.35337025 0.64662975
0 0.55332875 0.4466712
0 0.60744 0.39256003
1 0.42520463 0.57479537
0 0.8764737 0.123526335
0 0.87763476 0.12236522
0 0.7008064 0.29919362
1 0.13962145 0.8603785
0 0.7074623 0.2925377
0 0.9473623 0.052637674
0 0.88060224 0.1193978
0 0.76981777 0.23018222
0 0.83442485 0.16557516
0 0.9994524 0.00054758653
0 0.9995944 0.00040557995
0 0.99644 0.0035600385
0 0.9983329 0.0016671108
0 0.999099 0.00090104144
0 0.9992035 0.0007964882
0 0.99622524 0.0037747335
0 0.9162554 0.083744556
0 0.99958783 0.0004121375
0 0.9989262 0.0010737276
0 0.9905625 0.009437542
0 0.99544275 0.0045572557
0 0.99906975 0.0009302203
0 0.99852043 0.0014795397
0 0.98696285 0.013037168
0 0.9959364 0.00406354
0 0.99886775 0.0011323317
0 0.99952936 0.00047061217
0 0.999613 0.0003870844
0 0.9997702 0.00022975543
0 0.9990982 0.00090188324
0 0.9989986 0.0010014495
0 0.9996674 0.00033259793
0 0.9997002 0.00029979806
0 0.99956447 0.00043549977
0 0.877728 0.12227203
0 0.57690287 0.4230972
0 0.97385716 0.026142882
0 0.98891944 0.011080564
0 0.639265 0.360735
1 0.36022878 0.63977116
1 0.25642034 0.7435797
0 0.82251614 0.17748381
0 0.9249102 0.07508976
0 0.9979552 0.0020448072
0 0.9942694 0.005730594
1 0.0016696062 0.9983304
1 0.00061764265 0.9993824
1 0.00088083744 0.9991191
1 0.00038784865 0.99961215
1 0.00039924396 0.9996008
0 0.99963343 0.00036652279
0 0.9947679 0.005232084
0 0.9998166 0.00018342811
0 0.9997528 0.00024723666
0 0.99970204 0.0002979872
0 0.99987495 0.00012498484
0 0.99987423 0.00012574693
0 0.99987614 0.00012389744
0 0.99987423 0.00012574693
0 0.99960667 0.0003933387
0 0.99987423 0.00012574693
1 0.013892878 0.9861071
1 0.09263059 0.9073694
1 0.060999125 0.93900084
1 0.010416131 0.9895838
0 0.9659087 0.03409133
0 0.9875515 0.012448564
0 0.99056846 0.009431588
0 0.9829541 0.017045917
0 0.9662656 0.03373432
0 0.9737592 0.026240803
0 0.8887195 0.111280486
0 0.9883613 0.011638692
0 0.9959478 0.0040521957
0 0.9416793 0.05832075
1 0.053010635 0.94698936
1 0.060796402 0.9392036
1 0.013972111 0.98602796
1 0.011274161 0.98872584
0 0.86839664 0.13160335
0 0.8806381 0.11936191
1 0.013564535 0.9864355
1 0.057119966 0.9428801
1 0.11360357 0.88639647
1 0.006091814 0.99390817
1 0.01836329 0.9816367
0 0.9924643 0.0075356485
0 0.83903843 0.16096157
0 0.9907991 0.009200873
0 0.9567371 0.043262914
1 0.007120836 0.9928792
1 0.004271614 0.9957283
1 0.04655682 0.9534432
1 0.013499527 0.98650044
1 0.035665743 0.9643343
1 0.17734028 0.8226597
0 0.8422833 0.15771665
0 0.9983909 0.0016091603
0 0.99797136 0.0020286546
0 0.99828774 0.0017122917
0 0.99927086 0.0007291759
0 0.99944 0.00055998814
0 0.9993622 0.0006378079
0 0.9987851 0.0012149822
0 0.9926911 0.0073088882
1 0.1670029 0.8329971
1 0.13403532 0.86596465
1 0.17083678 0.82916325
1 0.04850925 0.95149076
1 0.044002604 0.95599747
0 0.9724879 0.027512098
0 0.9738385 0.026161535
0 0.99641967 0.0035803039
0 0.990927 0.009073086
0 0.9862547 0.013745281
0 0.9995029 0.0004970611
0 0.99922264 0.0007773679
0 0.99586296 0.004137059
0 0.9899275 0.010072508
0 0.99646795 0.0035320525
0 0.9813772 0.018622799
0 0.9956691 0.004330823
1 0.019474905 0.98052514
1 0.022965245 0.9770347
1 0.0011047712 0.9988952
1 0.0010693525 0.99893063
1 0.002353421 0.99764663
1 0.008175052 0.9918249
1 0.001609021 0.99839103
0 0.73220575 0.26779425
0 0.9941871 0.0058128457
0 0.9987159 0.0012841541
0 0.9978296 0.002170314
0 0.9987698 0.0012300957
0 0.99934906 0.00065090857
0 0.8649988 0.1350012
0 0.82778627 0.17221373
0 0.99967086 0.00032912352
0 0.99639904 0.0036008935
1 0.04133607 0.9586639
1 0.05234631 0.9476537
1 0.037289504 0.9627105
1 0.06622652 0.93377346
1 0.03998816 0.9600118
0 0.5228304 0.4771696
1 0.05355959 0.9464404
1 0.4175248 0.5824752
0 0.61180675 0.38819325
0 0.6023306 0.39766935
1 0.45204455 0.54795545
1 0.4653955 0.5346045
0 0.9179678 0.082032196
0 0.90183145 0.09816855
0 0.85959756 0.14040239
0 0.9582477 0.0417523
0 0.86959183 0.13040823
0 0.8539215 0.14607848
0 0.90316004 0.09683997
0 0.925687 0.07431302
0 0.96410906 0.03589096
1 0.015971484 0.9840285
1 0.01451331 0.98548675
1 0.009604752 0.99039525
1 0.00830408 0.99169594
0 0.99126804 0.008731981
0 0.9912361 0.008763902
0 0.97787994 0.022120109
0 0.9687506 0.031249449
0 0.98827446 0.011725523
0 0.98721933 0.012780697
1 0.07267404 0.9273259
1 0.11067817 0.8893218
1 0.033274848 0.9667252
1 0.037149556 0.9628504
1 0.060599934 0.9394001
0 0.9901472 0.009852866
0 0.9941445 0.0058554984
0 0.9931946 0.00680542
0 0.9825263 0.01747373
0 0.98034805 0.019651944
0 0.82899714 0.17100288
0 0.61002004 0.38997996
0 0.90972006 0.0902799
0 0.98499656 0.01500349
0 0.94375885 0.05624114
1 0.00061565434 0.9993843
1 0.0010449055 0.99895513
1 0.0008693322 0.99913067
1 0.0011987631 0.99880123
1 0.0016076557 0.9983923
0 0.9986689 0.0013310588
0 0.9984628 0.0015372107
0 0.98757356 0.012426407
0 0.94000983 0.059990205
0 0.99407107 0.0059289327
0 0.9964277 0.003572274
0 0.744241 0.25575903
0 0.98634887 0.013651204
0 0.9588505 0.041149482
0 0.97889006 0.021109954
1 0.29254207 0.7074579
0 0.7642955 0.23570444
0 0.6505285 0.34947145
1 0.19224842 0.80775154
1 0.20899266 0.7910074
1 0.17467506 0.8253249
1 0.13214532 0.8678547
0 0.92159396 0.078406096
0 0.6150803 0.38491967
0 0.5711345 0.42886543
0 0.9190638 0.080936134
0 0.9637243 0.036275726
0 0.9615299 0.038470156
0 0.9253223 0.07467775
1 0.08187497 0.91812503
1 0.034623478 0.9653765
1 0.020680476 0.9793195
1 0.021753145 0.97824687
0 0.8475412 0.1524588
0 0.91398627 0.086013764
0 0.99899226 0.0010077516
0 0.9993167 0.000683337
0 0.98792845 0.012071543
0 0.99526465 0.0047353217
0 0.99676526 0.0032347022
1 0.004607831 0.9953922
1 0.16274586 0.8372541
1 0.07448343 0.92551655
1 0.0028134098 0.9971866
1 0.28370073 0.7162993
0 0.9986154 0.0013846529
0 0.9994155 0.00058447605
0 0.9994222 0.0005777719
0 0.9986638 0.0013362125
0 0.99849725 0.0015027197
0 0.99866986 0.0013302055
0 0.9994148 0.0005852532
0 0.99965465 0.00034538077
0 0.9995382 0.00046190034
1 0.02029376 0.9797062
1 0.007850145 0.99214983
1 0.051072717 0.9489272
1 0.033432372 0.9665676
1 0.02016437 0.9798356
0 0.995946 0.0040539643
0 0.8876299 0.112370074
0 0.9959714 0.004028642
0 0.74133927 0.2586608
0 0.99307764 0.0069223866
0 0.991901 0.008099019
0 0.9947449 0.005255066
0 0.998723 0.001277065
0 0.9976078 0.0023921202
0 0.99105525 0.008944733
0 0.9997656 0.0002344356
0 0.9991715 0.00082847924
0 0.9864086 0.013591436
0 0.99354964 0.0064503388
0 0.99595755 0.0040424606
0 0.99581677 0.004183245
0 0.9944723 0.005527655
0 0.9992662 0.0007338484
0 0.99821764 0.0017823236
0 0.9997204 0.00027955402
0 0.99891293 0.0010870679
1 0.030983271 0.9690167
1 0.015614142 0.9843858
1 0.04652508 0.9534749
1 0.05512044 0.9448796
0 0.9936092 0.0063908272
0 0.993877 0.0061230687
0 0.99581933 0.004180594
0 0.99525034 0.0047496473
0 0.99774736 0.0022526262
0 0.99926466 0.00073535874
0 0.9734779 0.026522115
0 0.99862623 0.0013738229
1 0.016630372 0.98336965
1 0.04022172 0.95977825
1 0.00997493 0.99002504
1 0.01050842 0.9894916
1 0.034249686 0.96575034
0 0.9952898 0.0047101807
0 0.9963766 0.003623396
0 0.9987356 0.0012644269
0 0.99826425 0.0017357855
0 0.999428 0.00057202624
0 0.9996325 0.000367554
0 0.9997391 0.0002608807
0 0.99339175 0.006608233
0 0.99448264 0.0055173524
0 0.99250436 0.0074956533
0 0.9963832 0.0036168452
0 0.99661416 0.003385845
0 0.9980527 0.0019472435
0 0.9963766 0.003623396
0 0.9982318 0.0017682372
0 0.99748826 0.0025116748
0 0.9963982 0.0036017904
0 0.9996594 0.00034062073
0 0.9996228 0.00037721446
0 0.9997514 0.00024860076
0 0.99977607 0.0002239111
0 0.9997669 0.00023306826
0 0.9992092 0.00079079764
0 0.99827075 0.0017291886
0 0.99736327 0.002636738
0 0.9984856 0.0015143523
0 0.99486685 0.0051331273
1 0.14302577 0.85697424
1 0.12574548 0.87425447
1 0.06499242 0.93500763
1 0.029444858 0.9705551
1 0.027762746 0.9722373
0 0.9732972 0.026702764
0 0.9764856 0.02351435
0 0.9990702 0.00092976313
0 0.9961099 0.0038900708
0 0.9945074 0.005492615
0 0.99969375 0.00030628426
0 0.9993826 0.0006174049
1 0.02687412 0.9731259
0 0.8410993 0.15890066
1 0.0076613305 0.99233866
1 0.0056527318 0.9943473
1 0.007804552 0.9921955
0 0.9979803 0.0020196713
0 0.9829538 0.017046211
0 0.997143 0.0028570248
0 0.9936799 0.0063200397
0 0.9991217 0.0008782386
0 0.9909168 0.009083243
0 0.99294007 0.0070599597
0 0.98925626 0.0107438
0 0.99433005 0.005669978
0 0.99686533 0.0031346348
0 0.99825174 0.0017482026
0 0.99823713 0.0017628202
0 0.99959725 0.00040271052
0 0.9992962 0.0007037571
0 0.99945897 0.00054107426
1 0.06025341 0.93974656
1 0.079591885 0.9204081
1 0.003924369 0.9960756
0 0.5212541 0.47874594
0 0.9947525 0.0052474192
0 0.9814431 0.01855692
1 0.2901117 0.7098883
1 0.007486542 0.9925135
0 0.99701154 0.0029884968
0 0.8996658 0.100334205
0 0.8996074 0.10039259
0 0.92596537 0.07403465
0 0.92226815 0.077731825
0 0.88824236 0.11175763
0 0.92850065 0.07149931
0 0.9477692 0.05223076
