1 0.00014048064 0.99985945
1 0.00014714678 0.9998528
1 0.00013068467 0.99986935
1 0.00013913581 0.9998609
1 9.805339e-05 0.9999019
0 0.9999745 2.5464338e-05
0 0.999972 2.805139e-05
0 0.9999677 3.227139e-05
0 0.99976605 0.0002339245
0 0.9999552 4.476206e-05
1 0.00024064747 0.9997594
0 0.5105472 0.48945278
1 0.0001003859 0.9998996
1 0.0001067534 0.9998932
1 0.00030599587 0.999694
0 0.9955766 0.0044234297
0 0.5105472 0.48945278
0 0.9972562 0.0027437885
0 0.9993838 0.0006161151
0 0.999905 9.5000105e-05
0 0.9999571 4.2956006e-05
0 0.99993706 6.289466e-05
0 0.9995223 0.00047771522
0 0.9998863 0.00011376211
1 0.0003961473 0.9996039
1 0.000121404155 0.9998785
1 0.00082808116 0.999172
1 0.00020003293 0.9998
1 0.0014818707 0.99851817
0 0.9976769 0.0023231525
0 0.9931005 0.006899472
0 0.9998907 0.00010926554
0 0.9998412 0.00015874681
0 0.9998833 0.000116724405
0 0.99989843 0.00010156735
0 0.9999503 4.966833e-05
0 0.99945694 0.00054300413
0 0.99983454 0.00016542453
0 0.99953103 0.00046900942
0 0.996439 0.003561013
0 0.9959346 0.0040654014
0 0.99997663 2.3420072e-05
0 0.99997234 2.76179e-05
0 0.9999763 2.372881e-05
0 0.9999734 2.6584281e-05
0 0.9999753 2.4647645e-05
1 0.0009107483 0.99908924
1 0.49220085 0.50779915
1 0.0024265388 0.99757344
1 7.175214e-05 0.99992824
1 0.00015805026 0.9998419
0 0.9998759 0.00012408684
0 0.9996679 0.00033210206
0 0.9992212 0.0007787729
0 0.9996908 0.00030921886
0 0.9999192 8.0825615e-05
0 0.9999765 2.3432713e-05
0 0.999977 2.2968714e-05
0 0.99996066 3.9326755e-05
0 0.99995637 4.367244e-05
0 0.9998907 0.000109307126
1 0.49220085 0.50779915
0 0.99994016 5.9874736e-05
0 0.9997799 0.00022015271
0 0.99996173 3.8225247e-05
0 0.99997544 2.458063e-05
0 0.9999783 2.1641354e-05
0 0.999977 2.3044851e-05
0 0.9999763 2.3717383e-05
0 0.9999739 2.6071748e-05
0 0.9999721 2.7851125e-05
0 0.9995541 0.00044586396
0 0.9991123 0.00088770594
0 0.9988951 0.0011048701
0 0.99996746 3.251351e-05
1 6.525142e-05 0.9999348
1 4.787168e-05 0.9999521
1 5.9903632e-05 0.99994004
1 6.618323e-05 0.99993384
1 0.0001209835 0.999879
0 0.99997604 2.391954e-05
0 0.99988806 0.00011188425
0 0.99997735 2.264977e-05
0 0.9999708 2.921774e-05
0 0.9999727 2.7341799e-05
0 0.9999738 2.6191741e-05
0 0.99997604 2.3982673e-05
0 0.9999789 2.1113548e-05
0 0.99997795 2.2072476e-05
0 0.9999753 2.4716874e-05
0 0.99996734 3.2670225e-05
0 0.9895746 0.010425455
0 0.9999784 2.1575022e-05
0 0.99997926 2.0706822e-05
0 0.99997926 2.0790485e-05
0 0.9999782 2.1775713e-05
0 0.9999782 2.1778123e-05
1 4.812072e-05 0.99995184
0 0.63364077 0.36635926
1 3.0365762e-05 0.9999696
1 3.607193e-05 0.9999639
1 3.6308473e-05 0.99996364
0 0.99973935 0.0002606162
0 0.63364077 0.36635926
0 0.99994826 5.173049e-05
0 0.99994564 5.430329e-05
0 0.9998759 0.00012410566
0 0.9999516 4.8397495e-05
0 0.9999461 5.3909767e-05
0 0.9998988 0.0001012243
0 0.63364077 0.36635926
0 0.99993074 6.921734e-05
0 0.99998116 1.8803355e-05
0 0.99997497 2.5038811e-05
1 0.0012472984 0.9987527
1 0.0076854 0.99231464
0 0.544337 0.45566308
0 0.99988484 0.00011513785
1 0.0056065717 0.99439347
1 0.0002523202 0.9997477
0 0.9998659 0.00013413718
0 0.9950459 0.0049541667
1 0.21239772 0.78760225
0 0.9993031 0.0006968666
0 0.99993205 6.792968e-05
0 0.99994993 5.008843e-05
1 5.6420406e-05 0.9999436
0 0.64235246 0.35764757
1 3.494319e-05 0.9999651
1 3.287719e-05 0.9999671
1 3.1836717e-05 0.9999682
0 0.9998652 0.0001348456
0 0.64235246 0.35764757
0 0.9999522 4.7827514e-05
0 0.99995434 4.5673354e-05
0 0.99986935 0.00013062959
0 0.9999242 7.582265e-05
0 0.99995756 4.2458283e-05
0 0.99994016 5.9820748e-05
0 0.64235246 0.35764757
0 0.999966 3.3955872e-05
0 0.9999813 1.8739824e-05
0 0.9999784 2.158035e-05
1 5.0155824e-05 0.9999498
1 5.011237e-05 0.99994993
1 6.649086e-05 0.9999335
1 4.247578e-05 0.99995756
1 4.5661593e-05 0.99995434
0 0.99961436 0.00038560235
0 0.9998838 0.00011626075
0 0.9781237 0.021876298
0 0.9962836 0.0037163957
0 0.99995697 4.301089e-05
0 0.9999782 2.1849393e-05
0 0.9999764 2.3599836e-05
0 0.999977 2.3026616e-05
0 0.9999796 2.0412881e-05
0 0.99997365 2.6370817e-05
0 0.9999789 2.111502e-05
1 0.013431579 0.98656845
0 0.6780658 0.3219342
0 0.9998202 0.00017983704
0 0.99363893 0.006361108
0 0.9975231 0.002476882
0 0.99326646 0.006733534
0 0.99770963 0.0022903557
1 0.0071974937 0.99280244
1 0.0018819503 0.99811804
1 0.00014428339 0.99985564
1 0.0006220171 0.99937797
1 0.008774828 0.9912252
1 3.8237133e-05 0.99996173
1 4.2707175e-05 0.9999573
1 3.4730536e-05 0.9999653
1 3.5987065e-05 0.999964
0 0.9999689 3.108964e-05
0 0.99997437 2.5633284e-05
0 0.9999701 2.9925233e-05
0 0.99997556 2.4465755e-05
0 0.99997747 2.2546672e-05
0 0.99997675 2.3256618e-05
0 0.9999777 2.2289101e-05
0 0.9999788 2.1197862e-05
0 0.99996316 3.6809815e-05
0 0.99997544 2.4594325e-05
1 3.57126e-05 0.99996424
1 4.8014743e-05 0.99995196
1 3.8226193e-05 0.99996173
1 2.6228508e-05 0.9999738
1 3.0585474e-05 0.99996936
1 2.5671545e-05 0.99997437
0 0.9999769 2.3088227e-05
0 0.99997413 2.5888163e-05
0 0.9999764 2.3558952e-05
0 0.99998 1.997236e-05
0 0.99997914 2.0803134e-05
0 0.9999796 2.0370546e-05
0 0.9999796 2.0346839e-05
1 0.00038854362 0.99961144
1 0.0016062779 0.9983937
1 0.000105768624 0.99989426
1 8.9803514e-05 0.99991024
1 0.00017803432 0.99982196
0 0.9998754 0.00012460964
0 0.9998772 0.00012276972
0 0.99991786 8.2123704e-05
0 0.9998313 0.00016862927
0 0.99911326 0.00088676467
1 0.24378385 0.7562161
1 0.011162614 0.98883736
1 0.19594552 0.8040545
1 0.28974834 0.7102517
1 0.059878044 0.940122
0 0.97754556 0.022454368
0 0.9896325 0.010367541
0 0.8558813 0.14411873
0 0.9887341 0.011265915
0 0.99850935 0.0014906895
0 0.9999043 9.572907e-05
0 0.99932337 0.0006766942
0 0.99983287 0.00016707966
0 0.99994254 5.7510428e-05
0 0.99975353 0.00024645714
0 0.999228 0.0007719406
1 0.06498358 0.9350164
0 0.77589965 0.2241004
0 0.9971621 0.0028378842
1 8.200116e-05 0.999918
1 7.6917364e-05 0.9999231
1 0.000115844865 0.9998841
1 0.00012678248 0.99987316
1 0.00013774233 0.9998622
0 0.9999007 9.923379e-05
0 0.9999492 5.0738687e-05
0 0.9999511 4.88289e-05
0 0.99995244 4.759842e-05
0 0.99991 9.001905e-05
1 0.32281917 0.6771808
1 0.17261401 0.82738596
1 0.4964628 0.5035372
0 0.5101565 0.48984346
0 0.67823744 0.32176256
0 0.85694087 0.1430591
0 0.9739025 0.026097491
0 0.97400844 0.02599157
0 0.95593154 0.044068437
0 0.9875238 0.012476152
1 8.140591e-05 0.9999186
1 7.808385e-05 0.9999219
1 7.271725e-05 0.9999273
1 9.389808e-05 0.99990606
1 7.2721625e-05 0.9999273
0 0.9999511 4.887461e-05
0 0.9905522 0.009447782
0 0.9999635 3.646292e-05
0 0.99997187 2.8075874e-05
0 0.99994254 5.7470294e-05
0 0.9998747 0.00012526785
0 0.999451 0.00054902164
0 0.99965954 0.0003404946
0 0.9989022 0.001097775
1 0.00023638902 0.99976367
1 0.0022751093 0.99772483
1 0.00029494587 0.999705
0 0.9999584 4.1661773e-05
0 0.99996734 3.261201e-05
0 0.98302704 0.01697302
0 0.99903464 0.00096533034
1 0.2583317 0.7416683
0 0.9963877 0.0036123523
0 0.5961683 0.40383172
0 0.99997294 2.7071806e-05
0 0.99996126 3.8746584e-05
0 0.9999769 2.3159502e-05
0 0.99997354 2.6518324e-05
0 0.9999573 4.2621527e-05
0 0.9998492 0.00015073533
0 0.99981433 0.00018575245
0 0.9999577 4.2349588e-05
0 0.99992085 7.919731e-05
0 0.99996567 3.4305896e-05
0 0.99997926 2.0771855e-05
0 0.9999714 2.8553153e-05
0 0.9999622 3.7772865e-05
0 0.99997723 2.280874e-05
0 0.9999734 2.6565374e-05
0 0.99988234 0.00011763821
0 0.9999751 2.48698e-05
0 0.99997914 2.0863556e-05
0 0.9999782 2.1760268e-05
0 0.9999777 2.2237866e-05
0 0.9999745 2.554446e-05
1 8.8878136e-05 0.99991107
1 0.00021509455 0.9997849
1 8.788014e-05 0.99991214
0 0.99996936 3.067147e-05
0 0.99997175 2.8249427e-05
0 0.99980325 0.0001968332
0 0.9999634 3.6555706e-05
0 0.9988319 0.0011680863
0 0.9999405 5.9448143e-05
0 0.99930274 0.00069720176
0 0.99997175 2.8282746e-05
0 0.9999678 3.21649e-05
0 0.99997675 2.3304729e-05
0 0.99997234 2.7608472e-05
0 0.99997747 2.250257e-05
0 0.9999727 2.7288499e-05
0 0.99995697 4.2976164e-05
0 0.999974 2.597957e-05
0 0.99997616 2.3830016e-05
0 0.99997544 2.45058e-05
0 0.99997807 2.1980977e-05
0 0.99997795 2.209164e-05
0 0.99997795 2.2057939e-05
0 0.99997497 2.497485e-05
0 0.99997795 2.2017543e-05
0 0.99996245 3.7594622e-05
0 0.9999758 2.4234057e-05
0 0.9999778 2.2140403e-05
0 0.9999778 2.2212542e-05
0 0.9999777 2.2255137e-05
0 0.9999727 2.7354341e-05
1 0.0006313223 0.9993687
1 0.0012203438 0.9987797
1 0.00030592704 0.9996941
1 0.00048628784 0.99951375
1 0.00010916536 0.9998908
0 0.9999652 3.4785688e-05
0 0.9949339 0.0050661457
0 0.9995447 0.000455241
0 0.9949339 0.0050661457
0 0.9998274 0.00017254357
0 0.99971133 0.00028866314
0 0.9998894 0.00011065898
0 0.99989986 0.00010010867
0 0.9995515 0.00044851843
0 0.99993813 6.1846746e-05
0 0.99994934 5.066974e-05
0 0.99991727 8.272135e-05
0 0.9999511 4.884292e-05
0 0.9999685 3.145472e-05
0 0.9999434 5.6657205e-05
0 0.9998344 0.0001655102
1 7.5064374e-05 0.9999249
1 8.484242e-05 0.9999151
1 4.332082e-05 0.9999567
1 4.0614013e-05 0.99995935
0 0.99991655 8.347718e-05
0 0.99990845 9.1594215e-05
0 0.99994946 5.054176e-05
0 0.9999707 2.9292536e-05
0 0.99995744 4.251468e-05
0 0.99997807 2.1877539e-05
0 0.99996924 3.0790103e-05
0 0.9999776 2.2460208e-05
0 0.99995327 4.6762478e-05
0 0.99995637 4.358652e-05
1 5.3147203e-05 0.99994683
1 9.913628e-05 0.9999008
1 6.544728e-05 0.99993455
1 2.5661238e-05 0.99997437
1 3.1239666e-05 0.99996877
1 2.5980413e-05 0.999974
0 0.9999789 2.1101572e-05
0 0.99997437 2.5607114e-05
0 0.9999778 2.211727e-05
0 0.9999809 1.9096475e-05
0 0.9999802 1.9786516e-05
0 0.9999801 1.9917448e-05
0 0.99998033 1.9650764e-05
1 0.004190022 0.99581003
1 0.0053779553 0.9946221
1 0.0013609905 0.99863905
1 0.013589352 0.9864107
1 0.0020370977 0.99796295
0 0.9818264 0.01817355
0 0.99407554 0.0059244186
0 0.99536467 0.0046352763
0 0.9786462 0.021353725
0 0.9947174 0.0052825916
0 0.99989295 0.000107082116
0 0.9999707 2.9354173e-05
0 0.9997336 0.00026637397
0 0.99970335 0.00029659207
0 0.99985147 0.00014847927
0 0.9996743 0.0003257298
0 0.9996965 0.00030354588
0 0.9998869 0.00011306552
0 0.99991 8.9936504e-05
0 0.9998915 0.000108411914
0 0.9998412 0.00015877771
0 0.9999256 7.4342315e-05
0 0.9999484 5.1560768e-05
0 0.9997162 0.00028377268
0 0.6373822 0.3626178
1 0.044556696 0.9554433
0 0.77308136 0.22691861
0 0.7159001 0.28409988
0 0.9477259 0.052274067
0 0.99995494 4.5053017e-05
0 0.9999579 4.2064014e-05
0 0.99996364 3.6312907e-05
0 0.9999467 5.3273194e-05
0 0.9999528 4.7262045e-05
0 0.99994993 5.0081268e-05
0 0.9999229 7.707919e-05
0 0.9999672 3.2833515e-05
0 0.9999608 3.9200047e-05
0 0.99994886 5.118463e-05
0 0.99993384 6.6205386e-05
0 0.9999149 8.509076e-05
0 0.999959 4.101589e-05
0 0.9998981 0.00010197126
0 0.99984276 0.00015724094
0 0.99995387 4.613791e-05
0 0.9999063 9.3709525e-05
0 0.9999225 7.74911e-05
0 0.9999466 5.3430053e-05
0 0.9999628 3.713801e-05
0 0.99993587 6.409972e-05
0 0.99930835 0.0006916895
0 0.9999198 8.0222526e-05
0 0.99993443 6.551291e-05
0 0.9999634 3.6613208e-05
0 0.99997234 2.7607946e-05
0 0.99874544 0.0012545444
0 0.9987992 0.0012007705
0 0.93946576 0.060534306
0 0.99898607 0.001013956
0 0.99990106 9.8933815e-05
0 0.99882907 0.0011708796
0 0.9999212 7.8798956e-05
0 0.9999416 5.8382724e-05
0 0.99997306 2.6975295e-05
0 0.9999733 2.6686595e-05
0 0.99974674 0.00025322757
0 0.9991949 0.0008050431
0 0.9999745 2.5559008e-05
0 0.99997497 2.5084177e-05
0 0.99997807 2.1979908e-05
0 0.9999794 2.0635049e-05
0 0.9999746 2.5416908e-05
0 0.99997497 2.5084177e-05
1 0.01619551 0.9838045
1 0.020529278 0.9794707
1 0.002039507 0.99796045
0 0.5778451 0.4221549
1 0.053862475 0.94613755
0 0.9961713 0.0038286787
0 0.9962464 0.00375353
1 0.004443563 0.9955564
1 0.104070894 0.89592904
1 0.00034514593 0.9996549
1 0.001832097 0.9981679
1 0.017811012 0.982189
0 0.99997795 2.1995274e-05
0 0.9999739 2.608717e-05
0 0.99997723 2.274182e-05
0 0.99997425 2.5717733e-05
0 0.9999777 2.2342283e-05
0 0.9999777 2.2238843e-05
0 0.9999789 2.114549e-05
0 0.9999559 4.4132048e-05
0 0.9999702 2.976471e-05
0 0.99993825 6.175722e-05
0 0.9999181 8.187465e-05
0 0.99879813 0.0012018639
0 0.99983144 0.00016852544
0 0.99960667 0.0003933434
0 0.99986255 0.0001374107
0 0.99912125 0.00087873667
0 0.9976585 0.0023415168
0 0.9996407 0.00035923335
0 0.9998456 0.0001543728
0 0.9994848 0.0005151982
0 0.994138 0.005862022
0 0.9995148 0.00048515026
0 0.99997663 2.3352848e-05
0 0.9999671 3.2858068e-05
0 0.9981323 0.0018677652
0 0.96968013 0.030319836
0 0.9999707 2.9284129e-05
0 0.9999242 7.582511e-05
1 0.0003068937 0.99969316
1 0.0019540472 0.9980459
1 0.00030274273 0.9996973
1 0.00034802748 0.999652
1 0.0004235531 0.9995764
0 0.999859 0.00014103524
0 0.99969566 0.0003043442
0 0.9997329 0.0002670402
0 0.9948726 0.005127332
0 0.99901664 0.0009833707
1 0.000188816 0.99981123
1 0.00011733315 0.9998827
1 0.00019223924 0.9998078
1 0.00024196808 0.99975806
1 9.8866476e-05 0.9999012
0 0.99996924 3.0743067e-05
0 0.9999535 4.6464116e-05
0 0.99995184 4.812338e-05
0 0.9999677 3.2347252e-05
0 0.99996555 3.4467597e-05
0 0.9999713 2.8737491e-05
0 0.99997675 2.3285002e-05
0 0.99996567 3.428509e-05
0 0.9994804 0.00051960367
0 0.9956664 0.0043335464
0 0.99868375 0.0013162099
0 0.9988668 0.0011332246
1 0.0014876924 0.9985123
1 0.0022113496 0.99778867
1 0.0013163998 0.99868363
1 0.0009981253 0.9990019
1 0.00022843413 0.99977154
0 0.97999144 0.02000855
0 0.99068516 0.00931476
0 0.99119085 0.008809152
0 0.9998404 0.00015965308
0 0.9996636 0.0003363738
0 0.99997795 2.2105214e-05
0 0.99997604 2.3956429e-05
0 0.9999788 2.1263562e-05
0 0.99997807 2.1974836e-05
0 0.9999795 2.0531292e-05
0 0.99998105 1.8991917e-05
0 0.9999759 2.4066207e-05
0 0.9999572 4.2795113e-05
0 0.99997926 2.0719544e-05
0 0.9999801 1.9853274e-05
0 0.9999782 2.1870992e-05
0 0.9999808 1.9238483e-05
0 0.9999789 2.1056825e-05
0 0.99997854 2.1455382e-05
0 0.9999796 2.0428617e-05
0 0.9999808 1.9238483e-05
0 0.9999745 2.5492596e-05
0 0.99997914 2.0871696e-05
0 0.999979 2.099727e-05
0 0.99998045 1.9490966e-05
0 0.99998033 1.9617677e-05
0 0.9999778 2.2189084e-05
0 0.99997926 2.0738562e-05
0 0.99990857 9.137245e-05
0 0.99998057 1.9455754e-05
0 0.9999778 2.212934e-05
1 6.502395e-05 0.99993503
1 5.3266136e-05 0.9999467
0 0.5838276 0.41617242
1 3.8907467e-05 0.99996114
1 3.8586957e-05 0.9999614
1 4.557754e-05 0.99995446
0 0.99824655 0.0017534103
0 0.5838276 0.41617242
0 0.99997187 2.8148637e-05
0 0.9999597 4.031534e-05
0 0.9999765 2.3514734e-05
0 0.99996984 3.0110676e-05
1 0.0004144255 0.99958557
1 0.0002713496 0.9997286
1 0.0031569463 0.9968431
1 0.00020422107 0.99979585
1 0.00017193575 0.999828
0 0.99996793 3.203364e-05
0 0.99991584 8.410584e-05
0 0.99995756 4.242364e-05
0 0.9998591 0.0001409269
0 0.9997992 0.0002008624
1 0.00165503 0.998345
1 0.024857668 0.9751423
1 0.00036296048 0.999637
1 0.0015171416 0.9984829
1 0.011761931 0.98823804
0 0.99828464 0.0017153248
0 0.9976077 0.002392245
0 0.9965647 0.0034352767
0 0.9994809 0.0005191134
0 0.97335184 0.026648192
0 0.9993948 0.0006052234
0 0.9993699 0.00063004915
0 0.9998568 0.00014315212
0 0.9999671 3.2843815e-05
0 0.9998878 0.000112107344
0 0.99982774 0.00017217906
0 0.99416554 0.0058344402
1 0.19600183 0.8039982
1 0.001749398 0.99825054
1 0.00010358005 0.9998964
0 0.99979883 0.00020119669
0 0.9998324 0.00016757347
0 0.99996436 3.56188e-05
0 0.9999702 2.9811243e-05
0 0.999948 5.1958115e-05
0 0.9998901 0.00010986828
0 0.99995315 4.6814323e-05
0 0.99998116 1.8839974e-05
1 5.6659097e-05 0.9999434
1 4.750727e-05 0.99995244
1 5.2643638e-05 0.9999473
1 6.998994e-05 0.99993
1 7.70914e-05 0.9999229
0 0.99998057 1.948149e-05
0 0.99998105 1.896059e-05
0 0.9999802 1.97336e-05
0 0.9999796 2.0400075e-05
0 0.9999794 2.0596692e-05
0 0.9999802 1.976854e-05
0 0.99998045 1.9568688e-05
0 0.99997973 2.0300731e-05
0 0.9999808 1.9149798e-05
1 0.15419152 0.84580845
0 0.57487714 0.42512292
1 0.18905233 0.81094766
1 0.044996176 0.9550038
0 0.63616514 0.36383483
0 0.5566823 0.4433177
0 0.6643961 0.33560395
0 0.6776236 0.3223764
0 0.86349297 0.13650705
0 0.97826546 0.021734526
0 0.99652404 0.0034759124
0 0.9994779 0.0005221619
0 0.9908015 0.009198513
0 0.9988035 0.0011964708
0 0.99765885 0.0023411412
0 0.9996061 0.0003939923
0 0.9994555 0.00054443086
0 0.99639016 0.0036098217
0 0.92594695 0.07405304
0 0.9991897 0.00081030664
0 0.958403 0.04159702
1 0.36954948 0.6304505
0 0.7257151 0.27428493
0 0.99993443 6.5517095e-05
0 0.9999627 3.733481e-05
0 0.9999305 6.94616e-05
0 0.9999615 3.847298e-05
0 0.9999492 5.073598e-05
0 0.999485 0.0005149382
0 0.57487714 0.42512292
0 0.9996319 0.00036807117
0 0.99947494 0.00052511116
0 0.99990284 9.71734e-05
0 0.99994755 5.2406765e-05
0 0.99988127 0.00011874346
0 0.99993336 6.6593464e-05
0 0.99996555 3.449196e-05
0 0.9999578 4.2141062e-05
0 0.999964 3.5975943e-05
0 0.99996316 3.6840403e-05
0 0.99982697 0.00017311494
0 0.9969022 0.0030978601
0 0.9991897 0.00081030664
1 0.090019986 0.90998
1 0.3748109 0.6251891
0 0.999124 0.00087605143
0 0.99944454 0.0005554336
0 0.9921783 0.007821615
0 0.9916809 0.008319034
0 0.99996984 3.02055e-05
0 0.9999738 2.6197062e-05
0 0.99997437 2.5602843e-05
0 0.9999635 3.6490645e-05
0 0.99997675 2.3290708e-05
0 0.99988246 0.00011749269
0 0.99991524 8.479341e-05
0 0.9998777 0.00012233244
0 0.9992933 0.0007067083
0 0.99877137 0.0012286344
0 0.9975405 0.002459584
0 0.9729888 0.027011296
0 0.976932 0.023067992
0 0.9999628 3.718032e-05
0 0.99990654 9.346802e-05
0 0.9999329 6.7134744e-05
0 0.99997056 2.947271e-05
0 0.9996137 0.00038630178
0 0.99995065 4.94063e-05
0 0.99995863 4.1310253e-05
0 0.9993175 0.00068252994
0 0.9981945 0.0018055256
0 0.9999614 3.866693e-05
0 0.999941 5.904948e-05
0 0.999964 3.6057554e-05
0 0.9999745 2.5492061e-05
0 0.9999778 2.2219681e-05
0 0.9999181 8.194645e-05
0 0.9999707 2.9364057e-05
1 0.0013437157 0.9986563
1 0.0038688544 0.9961312
1 0.0050926083 0.9949073
1 0.0034150598 0.9965849
1 0.0003578651 0.99964213
0 0.9978531 0.0021469216
1 0.04979044 0.9502096
1 0.00017617022 0.99982387
1 0.00016182761 0.9998381
1 0.00011582266 0.9998841
1 0.00080569665 0.9991943
1 0.00027070002 0.99972934
0 0.99997985 2.0196167e-05
0 0.99997973 2.0262394e-05
0 0.99998 2.0010759e-05
0 0.99997544 2.4500121e-05
0 0.9999713 2.8690065e-05
0 0.99994767 5.237929e-05
0 0.9997254 0.00027464158
0 0.9999298 7.0200236e-05
0 0.99993587 6.417275e-05
0 0.9983589 0.0016410545
0 0.9999733 2.6717562e-05
0 0.99992657 7.341996e-05
0 0.9999763 2.3720142e-05
0 0.99997056 2.9427465e-05
0 0.99996996 3.000662e-05
0 0.9999765 2.3469302e-05
0 0.9999213 7.8685865e-05
0 0.99997556 2.438539e-05
0 0.9999771 2.2913431e-05
0 0.9999757 2.4316376e-05
0 0.9999708 2.9239289e-05
0 0.99996126 3.872435e-05
0 0.9999703 2.9673338e-05
0 0.9999665 3.346256e-05
0 0.9999696 3.043604e-05
0 0.99996233 3.7691905e-05
0 0.99997747 2.2533752e-05
0 0.9998661 0.00013383222
0 0.9999696 3.0343152e-05
0 0.99997103 2.9024344e-05
0 0.9992446 0.000755446
0 0.99951077 0.0004892129
0 0.99994373 5.6236906e-05
0 0.9993875 0.00061251083
0 0.99996686 3.3177348e-05
0 0.9999505 4.951625e-05
1 8.8791385e-05 0.9999112
1 0.00017497309 0.99982506
1 0.00020363306 0.99979633
1 0.00020836967 0.9997917
1 0.00011371699 0.9998863
0 0.99997187 2.8073708e-05
0 0.9999794 2.0637193e-05
0 0.99997914 2.090243e-05
0 0.9999757 2.4270319e-05
0 0.99997425 2.5703463e-05
0 0.9991653 0.0008347697
0 0.9992028 0.00079722126
0 0.9990613 0.0009387236
0 0.99937975 0.00062025886
0 0.99861467 0.0013853189
0 0.99998 1.997375e-05
0 0.9999807 1.934141e-05
0 0.9999541 4.5891386e-05
0 0.99997413 2.58624e-05
0 0.99997675 2.3293731e-05
0 0.99998045 1.9595558e-05
0 0.99997854 2.1466067e-05
0 0.99997354 2.6404789e-05
0 0.99993277 6.726406e-05
0 0.99998 1.999956e-05
0 0.99998033 1.9681072e-05
0 0.9999801 1.9899202e-05
0 0.99997294 2.7101332e-05
0 0.99996734 3.2678796e-05
0 0.999977 2.3042565e-05
0 0.99997437 2.5589052e-05
0 0.9999733 2.6715525e-05
1 2.7916622e-05 0.9999721
1 2.9630071e-05 0.9999703
1 2.7618138e-05 0.99997234
1 2.8997643e-05 0.99997103
1 2.9088547e-05 0.9999709
0 0.64400446 0.35599548
0 0.5084008 0.4915992
1 0.45956597 0.54043406
1 0.38983533 0.6101647
1 0.43281075 0.5671893
0 0.8028376 0.19716235
0 0.63118744 0.36881256
0 0.9520297 0.0479703
0 0.9995066 0.0004934465
0 0.9833 0.016699988
0 0.97435725 0.025642743
0 0.99898905 0.001010989
0 0.99122757 0.008772514
0 0.93517286 0.06482716
0 0.9369189 0.06308109
0 0.8856608 0.11433924
0 0.99430037 0.005699602
0 0.89812905 0.10187093
0 0.5084008 0.4915992
0 0.9862049 0.013795027
1 0.0034661698 0.9965339
1 0.028767113 0.97123283
1 0.14205185 0.8579482
0 0.9588092 0.04119078
1 0.48468104 0.51531893
0 0.999897 0.0001029359
0 0.999931 6.904963e-05
0 0.99985516 0.0001447979
1 0.00032154325 0.9996785
1 0.00013066248 0.99986935
1 7.4903066e-05 0.99992514
1 0.32853696 0.6714631
1 9.060217e-05 0.9999094
0 0.99929893 0.00070110126
0 0.99161845 0.008381544
0 0.99980634 0.00019362959
0 0.9997861 0.00021393181
0 0.99960285 0.00039711298
0 0.99763274 0.0023672206
0 0.9435437 0.05645629
0 0.99981946 0.00018054007
0 0.99908423 0.0009158119
0 0.99985087 0.00014911634
1 0.0002628759 0.9997371
1 0.00020902713 0.99979097
1 0.00019900297 0.999801
1 0.00018824688 0.9998118
1 0.00029066365 0.9997093
0 0.9999336 6.6382905e-05
0 0.9999044 9.56245e-05
0 0.9999454 5.4564138e-05
0 0.9999739 2.61461e-05
0 0.999902 9.802049e-05
0 0.9999753 2.4647763e-05
0 0.9999685 3.1420663e-05
0 0.9999757 2.427659e-05
0 0.9999771 2.2910895e-05
0 0.9999727 2.7265194e-05
0 0.9992384 0.00076159934
0 0.9989003 0.0010997459
0 0.9999163 8.3695406e-05
0 0.9999478 5.2186635e-05
0 0.9999536 4.6406152e-05
0 0.99996936 3.0646617e-05
0 0.9999759 2.404407e-05
0 0.9999609 3.9123417e-05
0 0.9999747 2.5257918e-05
0 0.99981743 0.00018264714
0 0.9999709 2.9048266e-05
0 0.9999809 1.9039737e-05
0 0.99997914 2.0910664e-05
0 0.99993837 6.159248e-05
0 0.9999715 2.8462297e-05
0 0.999972 2.8021042e-05
0 0.99675757 0.0032423907
0 0.9999733 2.6756317e-05
0 0.99997604 2.3972703e-05
0 0.99998045 1.9551786e-05
0 0.9999709 2.9048266e-05
0 0.9999757 2.4330619e-05
0 0.99997985 2.0133322e-05
0 0.9999708 2.9155446e-05
0 0.99997747 2.2555898e-05
0 0.9999747 2.5247273e-05
0 0.98365754 0.016342435
0 0.9926917 0.0073083425
0 0.99148434 0.008515642
0 0.9945615 0.005438475
0 0.9963314 0.0036686342
1 0.016082391 0.9839176
1 0.018869061 0.98113096
1 0.004547212 0.99545276
1 0.002892267 0.9971078
1 0.0076623643 0.99233764
0 0.9763449 0.023655068
0 0.98610526 0.013894713
0 0.9949262 0.005073722
0 0.9974044 0.0025955897
0 0.99628675 0.0037132157
0 0.99526876 0.004731159
0 0.99257165 0.0074284193
0 0.9998294 0.00017057569
0 0.99869907 0.0013008899
0 0.9996074 0.0003926449
0 0.9997969 0.00020307038
0 0.9998311 0.00016890236
0 0.9994043 0.0005957216
0 0.9948478 0.005152232
1 5.5566135e-05 0.99994445
1 6.9086636e-05 0.99993086
1 4.729689e-05 0.9999527
1 5.1644332e-05 0.9999484
1 4.997078e-05 0.99995005
0 0.9999739 2.616281e-05
0 0.9999701 2.9934426e-05
0 0.99997866 2.1281634e-05
0 0.99996567 3.4275028e-05
0 0.9999597 4.023564e-05
0 0.99994636 5.3591655e-05
0 0.99990845 9.152951e-05
0 0.9999801 1.987449e-05
0 0.99998 2.0065738e-05
0 0.9999689 3.116801e-05
0 0.9999273 7.2686475e-05
0 0.99985003 0.00014993874
0 0.9993844 0.0006155176
1 0.00028458575 0.9997154
1 0.01483765 0.9851623
1 0.000222585 0.9997774
0 0.98311806 0.016882
0 0.99870884 0.0012911336
0 0.99834037 0.0016596406
0 0.99819905 0.0018010134
0 0.8606097 0.13939027
0 0.9987313 0.0012686702
0 0.9994091 0.0005909582
0 0.99876946 0.0012305365
0 0.99964166 0.0003583649
0 0.9988778 0.0011221836
0 0.99988604 0.00011399753
0 0.9999107 8.922085e-05
0 0.99951017 0.00048985175
0 0.99977416 0.00022582809
0 0.9998311 0.00016892153
0 0.9997459 0.0002540779
0 0.9998404 0.00015954989
0 0.99987924 0.00012072974
0 0.99944264 0.000557398
0 0.9996877 0.00031239507
1 0.002472982 0.99752706
1 0.021861672 0.9781383
0 0.8264973 0.17350267
0 0.9246826 0.07531735
0 0.87656325 0.12343675
0 0.9438727 0.056127373
0 0.95957977 0.040420268
0 0.99997914 2.0840369e-05
0 0.99992716 7.2782605e-05
0 0.9999485 5.145183e-05
0 0.9999174 8.2598235e-05
0 0.9999422 5.7755264e-05
0 0.99989164 0.0001083313
0 0.99989367 0.00010637022
0 0.9998944 0.000105653
0 0.9998958 0.000104192266
0 0.99994564 5.4298842e-05
0 0.9999397 6.02734e-05
1 6.7912195e-05 0.99993205
1 6.501819e-05 0.99993503
1 7.6509605e-05 0.99992347
1 8.34299e-05 0.99991655
1 4.2406726e-05 0.99995756
0 0.99990153 9.840305e-05
0 0.9999176 8.230928e-05
0 0.99977547 0.0002245405
1 0.00010684508 0.9998932
1 9.669376e-05 0.9999033
1 0.000113771326 0.9998863
1 0.00024681317 0.9997532
1 8.225357e-05 0.99991775
0 0.9999659 3.412191e-05
0 0.99847907 0.0015209392
0 0.99996865 3.1293304e-05
0 0.9999628 3.723447e-05
0 0.99990475 9.5290896e-05
0 0.9998534 0.00014658998
0 0.9999658 3.4230998e-05
0 0.9999635 3.6484173e-05
0 0.9999268 7.32429e-05
0 0.9999553 4.4718123e-05
0 0.99995875 4.1303876e-05
0 0.9999074 9.2603565e-05
0 0.9999474 5.261208e-05
0 0.99996185 3.810645e-05
0 0.9999645 3.5480785e-05
0 0.99998 2.0027634e-05
0 0.9999728 2.7142481e-05
0 0.9999746 2.5420546e-05
0 0.9999782 2.1839332e-05
0 0.9999753 2.4641417e-05
0 0.9999795 2.0530175e-05
0 0.99985087 0.0001491226
0 0.99989974 0.00010028333
0 0.99985087 0.0001491226
0 0.9999751 2.4875351e-05
0 0.9999442 5.5783228e-05
0 0.99977773 0.00022225566
0 0.99996746 3.255397e-05
0 0.9999064 9.3560586e-05
0 0.999678 0.0003219742
0 0.999941 5.894781e-05
0 0.9999738 2.6194713e-05
0 0.99847907 0.0015209392
0 0.9860189 0.013981088
0 0.99302894 0.00697109
0 0.9983164 0.0016835812
0 0.965996 0.034004
0 0.93304557 0.06695446
0 0.53464985 0.46535012
0 0.5867244 0.41327554
0 0.6780476 0.3219524
1 0.42685896 0.57314104
1 0.19061013 0.8093899
0 0.7456109 0.2543891
0 0.9588721 0.04112791
1 0.053532366 0.94646764
0 0.7190349 0.28096512
1 0.46195838 0.53804165
0 0.9944602 0.0055398257
0 0.9588721 0.04112791
0 0.99859923 0.0014008186
0 0.9980927 0.0019072326
0 0.99830353 0.0016964079
1 7.0471135e-05 0.99992955
1 6.106689e-05 0.99993896
1 7.2826835e-05 0.99992716
1 6.496922e-05 0.99993503
1 6.449834e-05 0.9999355
0 0.9999579 4.2100015e-05
0 0.9999558 4.4262793e-05
0 0.9999732 2.6819213e-05
0 0.99997306 2.6939972e-05
0 0.9999708 2.9206123e-05
0 0.9999769 2.3120088e-05
0 0.9999572 4.2850654e-05
0 0.9999542 4.5769622e-05
0 0.99996305 3.6934573e-05
0 0.9999769 2.3185466e-05
0 0.9999572 4.281879e-05
0 0.9999759 2.4054412e-05
0 0.9999695 3.0536456e-05
0 0.9999695 3.0526968e-05
0 0.99997103 2.8990538e-05
0 0.99997437 2.563365e-05
0 0.99995947 4.0512434e-05
0 0.9999683 3.1662257e-05
0 0.9999745 2.5536152e-05
0 0.9999658 3.4245688e-05
0 0.9999757 2.4283236e-05
0 0.99996567 3.4373654e-05
0 0.9999747 2.5271265e-05
0 0.99997556 2.447166e-05
0 0.99997544 2.4506291e-05
0 0.99997115 2.8803175e-05
0 0.99989605 0.000103907
1 4.8709004e-05 0.99995124
1 0.4949769 0.50502306
1 3.4007786e-05 0.999966
1 3.517988e-05 0.99996483
1 4.5612065e-05 0.99995434
0 0.9998778 0.00012221759
0 0.9999703 2.9645505e-05
0 0.99623424 0.00376582
0 0.9998281 0.00017191298
1 0.4949769 0.50502306
0 0.9999194 8.053219e-05
0 0.9996338 0.00036615346
0 0.9999131 8.6848435e-05
1 7.868332e-05 0.9999213
1 7.342325e-05 0.99992657
1 9.107017e-05 0.9999089
1 0.00011252451 0.99988747
1 6.021739e-05 0.9999398
0 0.99996555 3.4458557e-05
0 0.9996001 0.0003999603
0 0.9999758 2.4206753e-05
0 0.9999765 2.3513054e-05
0 0.99992 8.003907e-05
0 0.9999397 6.0353985e-05
0 0.99997425 2.5778532e-05
0 0.9999709 2.9115356e-05
0 0.9999285 7.1481016e-05
0 0.9999287 7.12936e-05
0 0.99995506 4.497592e-05
0 0.9998385 0.00016148327
0 0.9999397 6.0354498e-05
0 0.99996245 3.7605343e-05
0 0.99995506 4.4948312e-05
0 0.99998 1.9999063e-05
0 0.9999796 2.0373245e-05
0 0.9999789 2.1107287e-05
0 0.9999802 1.9783987e-05
0 0.9999794 2.0571408e-05
0 0.9999796 2.0365125e-05
0 0.9998753 0.00012468167
0 0.9998833 0.00011668222
0 0.9998753 0.00012468167
0 0.9999771 2.2923989e-05
0 0.99993944 6.0523427e-05
0 0.9999064 9.354577e-05
0 0.9999726 2.7375345e-05
0 0.9997956 0.00020437124
0 0.9995659 0.00043412077
0 0.99994135 5.8673628e-05
0 0.99997795 2.2098973e-05
0 0.9996001 0.0003999603
0 0.9999436 5.6363344e-05
0 0.9994854 0.00051454763
0 0.9964515 0.0035485243
0 0.9992912 0.0007088036
0 0.99353784 0.006462115
0 0.999052 0.0009480136
1 0.00038429117 0.99961567
1 0.04155748 0.9584425
1 0.00021282076 0.99978715
1 0.003243681 0.99675626
0 0.734694 0.26530603
0 0.9921772 0.0078227995
0 0.8645684 0.13543156
1 0.12583178 0.8741682
0 0.9999181 8.193284e-05
0 0.99963176 0.00036826386
0 0.9999746 2.5368912e-05
0 0.9999777 2.2266346e-05
0 0.9999703 2.965874e-05
0 0.9996822 0.000317885
0 0.99995244 4.7532103e-05
0 0.9999709 2.9101866e-05
0 0.9999242 7.585534e-05
0 0.99996305 3.7001275e-05
0 0.99995184 4.819264e-05
0 0.9999522 4.7746074e-05
0 0.99993 6.996985e-05
0 0.9999598 4.019227e-05
0 0.9999809 1.9028083e-05
0 0.99998116 1.8818568e-05
0 0.99998105 1.8914357e-05
0 0.9999802 1.9768973e-05
0 0.99997663 2.336889e-05
1 0.49138016 0.50861984
1 0.001971554 0.99802846
1 0.002785691 0.9972144
1 0.04322279 0.95677716
1 0.025074061 0.97492594
1 0.10185414 0.89814585
1 0.13405597 0.8659441
1 0.23529741 0.7647026
1 0.13108893 0.868911
1 0.07000624 0.92999375
0 0.99996173 3.82352e-05
0 0.99992955 7.0426926e-05
0 0.99997747 2.258907e-05
1 0.13248223 0.86751777
1 0.36935648 0.6306435
0 0.7905761 0.20942385
1 0.4526529 0.5473471
1 0.4234356 0.57656443
0 0.9196596 0.08034039
0 0.96896714 0.031032845
0 0.91874886 0.081251174
1 0.39206743 0.60793257
0 0.5946547 0.40534532
0 0.99169767 0.008302273
0 0.9874177 0.012582354
0 0.9825044 0.017495586
0 0.9885719 0.011428063
0 0.97856665 0.02143334
0 0.96021885 0.039781146
0 0.99896014 0.0010398965
0 0.99961996 0.00037998054
0 0.998054 0.0019460302
0 0.9996786 0.00032135443
0 0.9998579 0.00014210926
0 0.99925774 0.00074224366
1 0.0007035117 0.9992964
1 0.0007951625 0.9992048
1 0.00032538746 0.9996747
1 0.00015024672 0.9998497
1 0.00028140369 0.9997186
0 0.99926966 0.0007303395
0 0.9989767 0.0010233019
0 0.9999627 3.727945e-05
0 0.9999794 2.0667052e-05
0 0.99996114 3.888099e-05
0 0.9906295 0.009370445
0 0.9867654 0.013234599
0 0.83313596 0.16686398
0 0.8552446 0.14475541
0 0.52363634 0.47636363
0 0.9849589 0.01504116
1 0.00055867987 0.9994413
1 0.0066792713 0.9933207
1 9.555914e-05 0.9999044
1 8.618611e-05 0.9999138
0 0.74966687 0.25033316
0 0.98490024 0.01509975
0 0.8909359 0.109064095
0 0.5686382 0.43136173
1 0.034579583 0.9654205
0 0.6807421 0.31925794
1 0.016298182 0.9837018
1 0.0011877443 0.9988123
1 0.0014261771 0.9985738
0 0.99923253 0.0007675009
0 0.99825734 0.0017426901
0 0.9890519 0.010948062
0 0.9904417 0.009558388
0 0.99164724 0.008352769
0 0.9867621 0.013237843
0 0.9950412 0.004958832
1 9.1267604e-05 0.9999087
1 0.00016940235 0.9998306
1 0.00020064267 0.99979943
1 0.00011794327 0.9998821
1 0.00012062434 0.99987936
0 0.99996614 3.384524e-05
0 0.9999565 4.350733e-05
0 0.9999722 2.7823811e-05
0 0.99996936 3.063969e-05
0 0.9999733 2.6671229e-05
0 0.9999666 3.3342596e-05
0 0.99994946 5.0498442e-05
0 0.99996674 3.3280146e-05
0 0.99996924 3.0721174e-05
0 0.9997131 0.00028690495
0 0.9996884 0.00031168084
0 0.9998859 0.0001140557
0 0.99949193 0.0005080351
0 0.99992704 7.293748e-05
0 0.99997663 2.3312663e-05
0 0.9999759 2.4036548e-05
0 0.9999715 2.8479539e-05
0 0.99996984 3.0155274e-05
0 0.99997735 2.2639728e-05
0 0.99990153 9.846275e-05
0 0.99974376 0.00025629072
0 0.9999604 3.9570154e-05
0 0.9999677 3.2266344e-05
0 0.99996626 3.370005e-05
1 7.609791e-05 0.99992394
1 7.222286e-05 0.99992776
1 7.6010576e-05 0.99992394
1 6.606739e-05 0.99993396
1 6.152468e-05 0.9999385
0 0.9999733 2.6682525e-05
0 0.99997294 2.7053251e-05
0 0.9999777 2.2245737e-05
0 0.99997485 2.5125999e-05
0 0.99997485 2.5209813e-05
0 0.9999782 2.1858481e-05
0 0.99996996 3.0087858e-05
0 0.99997056 2.9437877e-05
0 0.9999702 2.98088e-05
0 0.9999789 2.1113166e-05
0 0.9999645 3.5550456e-05
0 0.99997723 2.281235e-05
0 0.99997306 2.6938122e-05
0 0.99997616 2.384388e-05
0 0.99997437 2.5605772e-05
0 0.99997544 2.4534025e-05
0 0.99996924 3.080661e-05
0 0.9999721 2.7852348e-05
0 0.9999765 2.3470331e-05
0 0.9999695 3.0548137e-05
0 0.9999782 2.1832855e-05
0 0.9999763 2.3754485e-05
0 0.99997556 2.4406563e-05
0 0.999979 2.0959775e-05
0 0.99997294 2.7057842e-05
0 0.999972 2.8056367e-05
0 0.9999325 6.749293e-05
0 0.9999536 4.6403235e-05
0 0.9999143 8.56475e-05
0 0.99995625 4.372849e-05
0 0.9999505 4.947886e-05
0 0.99996257 3.739032e-05
1 0.00018413713 0.9998159
1 0.0002300838 0.99976987
0 0.9999734 2.659123e-05
0 0.99991405 8.596147e-05
0 0.9999652 3.4820605e-05
0 0.9999691 3.090489e-05
0 0.99994636 5.358588e-05
0 0.9999696 3.034405e-05
0 0.9999783 2.1733766e-05
1 0.23329674 0.7667033
0 0.92551154 0.07448844
0 0.9307057 0.06929432
0 0.8958607 0.1041393
0 0.5803355 0.41966447
1 0.00012181885 0.99987817
1 0.00015191839 0.999848
1 0.00010143223 0.99989855
1 9.256931e-05 0.9999074
1 0.00010012777 0.99989986
1 8.065607e-05 0.9999193
1 9.4685915e-05 0.99990535
1 8.502547e-05 0.999915
1 7.56173e-05 0.9999244
0 0.9999733 2.6685857e-05
0 0.99997425 2.571018e-05
0 0.99997735 2.2646724e-05
0 0.9999763 2.3664965e-05
0 0.9999728 2.7149055e-05
0 0.99997795 2.1994269e-05
0 0.99996495 3.5082357e-05
0 0.99996054 3.9448005e-05
0 0.9999634 3.6546156e-05
0 0.99997735 2.2645148e-05
0 0.9999577 4.23248e-05
0 0.9999788 2.1162148e-05
0 0.99997497 2.5014133e-05
0 0.99997616 2.381661e-05
0 0.9999752 2.4773366e-05
0 0.9999759 2.4060928e-05
0 0.99996877 3.117811e-05
0 0.9999747 2.5249077e-05
0 0.99997735 2.2669587e-05
0 0.9999713 2.8786344e-05
0 0.9999771 2.2835204e-05
0 0.9999671 3.290865e-05
0 0.99997663 2.3347684e-05
0 0.9999782 2.18279e-05
0 0.9999738 2.6181327e-05
0 0.99997234 2.7638504e-05
0 0.9999157 8.432525e-05
1 0.040582903 0.9594171
1 0.0022147906 0.9977852
1 9.612617e-05 0.9999039
1 0.0014561802 0.99854386
1 0.0017725098 0.99822754
0 0.5979073 0.4020927
0 0.82218444 0.17781559
1 7.932882e-05 0.9999206
1 8.877301e-05 0.9999112
1 6.815294e-05 0.9999318
1 6.4802465e-05 0.99993515
1 7.946655e-05 0.9999205
0 0.9997503 0.00024966014
1 0.025395336 0.9746047
0 0.9998666 0.00013334777
0 0.999972 2.7984937e-05
0 0.99994147 5.857032e-05
1 0.06185267 0.93814737
1 0.08211116 0.9178888
1 0.08541205 0.914588
1 0.14271797 0.857282
1 0.058177114 0.9418228
0 0.9999007 9.9347606e-05
0 0.99787426 0.0021257887
0 0.99990904 9.0993955e-05
0 0.9705761 0.029423852
0 0.99787426 0.0021257887
0 0.9999082 9.182641e-05
0 0.9997242 0.0002758011
0 0.99973506 0.0002649303
0 0.9999521 4.7955895e-05
0 0.99987817 0.000121873934
0 0.99996126 3.8759856e-05
0 0.99996924 3.072598e-05
0 0.99997604 2.3981393e-05
0 0.9999343 6.562358e-05
0 0.99988544 0.00011453929
0 0.9992644 0.00073553354
0 0.99991393 8.606193e-05
0 0.999962 3.8011975e-05
0 0.9999356 6.4366424e-05
0 0.999821 0.00017905187
1 0.00016524766 0.9998348
1 0.0005554723 0.99944454
1 0.00077671773 0.99922323
1 0.0003609212 0.99963903
1 0.0006947788 0.99930525
0 0.9922659 0.0077341367
0 0.9963522 0.0036477542
0 0.9999237 7.6301294e-05
0 0.9995296 0.0004704319
0 0.9880554 0.011944639
0 0.9964 0.0036000388
0 0.9983394 0.0016605684
0 0.999137 0.0008630789
1 0.0041797897 0.99582016
1 0.044082724 0.95591724
1 0.42625344 0.5737466
1 0.17237988 0.82762015
0 0.5072186 0.49278146
0 0.97038436 0.029615646
1 0.31536868 0.6846313
1 0.028019555 0.9719804
1 0.0025052833 0.9974947
1 0.0030606352 0.9969394
1 0.0007256509 0.9992743
0 0.7641308 0.23586923
1 0.01439421 0.9856058
1 7.4162046e-05 0.99992585
1 0.00010647587 0.99989355
1 0.045293633 0.95470643
1 0.30921724 0.6907828
0 0.773961 0.22603898
0 0.9619307 0.038069304
0 0.87936527 0.120634794
0 0.9990007 0.0009992965
0 0.99970275 0.0002971933
0 0.9997545 0.00024556048
0 0.99966097 0.00033906268
0 0.9997453 0.00025466213
0 0.9999119 8.807696e-05
0 0.99997246 2.751645e-05
0 0.99974483 0.0002551239
0 0.9989755 0.0010245304
0 0.99931765 0.00068238226
0 0.99801105 0.0019889702
0 0.9994205 0.0005795341
0 0.98977697 0.0102231
0 0.8107087 0.18929131
0 0.999866 0.00013401828
0 0.9964173 0.0035827325
0 0.58241063 0.41758934
0 0.9794073 0.0205927
0 0.9999739 2.6069163e-05
0 0.99997604 2.3972703e-05
0 0.9999715 2.8489181e-05
0 0.9999478 5.221994e-05
0 0.9999654 3.4527766e-05
1 0.09906103 0.900939
0 0.7253041 0.27469587
1 0.022080256 0.9779197
0 0.9985037 0.0014963592
0 0.98872805 0.011271939
0 0.99994504 5.492063e-05
0 0.99991894 8.1002625e-05
0 0.9999689 3.10672e-05
0 0.99980336 0.00019662347
0 0.53310704 0.46689296
1 0.07449014 0.9255099
1 0.48652384 0.51347613
0 0.6413765 0.3586235
1 0.020986497 0.97901356
0 0.9952513 0.0047486825
0 0.96550006 0.034499947
0 0.99521035 0.0047897203
0 0.99816823 0.0018317534
1 0.00010539801 0.9998946
1 0.000428757 0.99957126
1 0.000104266204 0.9998957
1 0.00015940772 0.9998406
1 7.590715e-05 0.99992406
0 0.99945575 0.00054425735
0 0.99969363 0.0003063865
0 0.99908304 0.0009169981
0 0.9998641 0.00013591914
0 0.9999392 6.0818616e-05
0 0.99990964 9.0404625e-05
0 0.9999037 9.625328e-05
1 3.079621e-05 0.99996924
1 3.012831e-05 0.99996984
1 3.2015072e-05 0.99996793
1 2.4162218e-05 0.9999758
1 2.6888303e-05 0.99997306
1 2.4552774e-05 0.99997544
0 0.99998033 1.9696317e-05
0 0.9999788 2.1184362e-05
0 0.99997723 2.2802566e-05
0 0.9999808 1.9171615e-05
0 0.9999808 1.9233788e-05
0 0.9999807 1.9360823e-05
0 0.99998116 1.8846857e-05
0 0.5967486 0.40325138
0 0.55029315 0.4497069
1 0.033004418 0.96699554
1 0.45779425 0.54220575
0 0.7534112 0.24658886
1 4.9425285e-05 0.9999505
1 5.489508e-05 0.99994504
1 0.00014961028 0.9998504
1 7.606976e-05 0.99992394
1 6.574516e-05 0.9999342
1 5.1644674e-05 0.9999484
1 4.9094015e-05 0.9999509
1 0.00033804614 0.9996619
0 0.9999771 2.2879716e-05
0 0.9999728 2.7126438e-05
0 0.9998542 0.00014582003
0 0.9999715 2.8519791e-05
0 0.9999739 2.6056636e-05
0 0.9999776 2.235797e-05
0 0.9999757 2.4298457e-05
0 0.99997914 2.0896789e-05
0 0.9999752 2.4736819e-05
0 0.9999789 2.1129705e-05
0 0.9999702 2.9802999e-05
1 5.6636138e-05 0.9999434
1 0.00012981973 0.9998702
1 7.2652176e-05 0.9999274
1 0.00022235527 0.9997776
1 6.190564e-05 0.99993813
0 0.99956614 0.00043387295
0 0.9994754 0.00052457885
0 0.99962544 0.00037449595
1 5.5370572e-05 0.99994457
1 0.00012548294 0.9998745
1 0.00016263602 0.9998373
1 0.00012422785 0.9998758
1 7.031593e-05 0.99992967
0 0.9999393 6.068432e-05
0 0.99995697 4.3082568e-05
0 0.9999223 7.766501e-05
1 0.0008795538 0.9991204
1 0.0006149776 0.999385
1 0.0010876636 0.99891233
1 0.00087505986 0.99912494
1 0.00064003293 0.99936
0 0.9992493 0.0007507081
0 0.9966042 0.0033958328
0 0.99961 0.00039004834
0 0.99958175 0.00041829675
0 0.9997917 0.00020833411
0 0.99997926 2.070866e-05
0 0.9999105 8.955176e-05
0 0.99997413 2.5833411e-05
0 0.99997663 2.3372055e-05
0 0.999977 2.297292e-05
0 0.9999696 3.0359797e-05
0 0.9999486 5.142152e-05
0 0.99997485 2.5211617e-05
0 0.9999378 6.226163e-05
0 0.9999789 2.1114878e-05
0 0.99997604 2.3939874e-05
0 0.99997914 2.0813375e-05
0 0.9999603 3.9677463e-05
0 0.9999788 2.1162998e-05
0 0.99997973 2.0307663e-05
0 0.999977 2.3055005e-05
0 0.99998033 1.9626736e-05
0 0.99997926 2.075043e-05
0 0.9999802 1.9845666e-05
0 0.99998045 1.9519797e-05
0 0.99998 2.004466e-05
0 0.99997807 2.19306e-05
0 0.9999814 1.8598708e-05
0 0.9999794 2.0649204e-05
1 0.061330043 0.93867
1 0.48538107 0.51461893
0 0.6118723 0.3881277
1 0.010005586 0.98999447
1 0.00047274737 0.9995272
1 0.48635986 0.51364017
1 0.007411449 0.9925885
1 0.00038339486 0.9996166
1 0.00067055493 0.99932945
1 0.00069778535 0.99930215
0 0.99973565 0.00026428318
0 0.9990146 0.0009853758
0 0.99995315 4.6858993e-05
0 0.9997472 0.00025279674
0 0.99997723 2.2813178e-05
0 0.99997663 2.3371744e-05
0 0.9999765 2.3507137e-05
0 0.9999782 2.1840728e-05
0 0.99997294 2.7099344e-05
0 0.9999707 2.9378985e-05
0 0.99997187 2.8121913e-05
0 0.9999727 2.7285741e-05
0 0.99997294 2.7087688e-05
0 0.9999225 7.7429264e-05
0 0.9999788 2.1254782e-05
0 0.9999776 2.2430413e-05
0 0.999979 2.1008607e-05
0 0.999944 5.598734e-05
1 0.48635986 0.51364017
0 0.9999807 1.9275818e-05
0 0.9999765 2.3443174e-05
0 0.99994826 5.1739273e-05
0 0.99997616 2.3830788e-05
0 0.9999745 2.5560761e-05
0 0.9999802 1.9811589e-05
0 0.9999788 2.1225816e-05
0 0.9999763 2.3709876e-05
0 0.999979 2.1007765e-05
1 0.0014649775 0.99853504
1 0.00019969429 0.9998004
1 0.0007510759 0.9992489
1 0.00066569407 0.9993343
1 0.0004903524 0.9995097
0 0.999479 0.00052100694
0 0.9973174 0.0026826821
0 0.9995902 0.0004098444
0 0.99886596 0.001134107
0 0.9996737 0.00032628363
0 0.99997854 2.1455791e-05
0 0.99994624 5.3805972e-05
0 0.999979 2.0941116e-05
0 0.9999753 2.4694606e-05
0 0.99997747 2.249549e-05
0 0.99996257 3.7437563e-05
0 0.99996793 3.207044e-05
0 0.99998033 1.970889e-05
0 0.9999758 2.4158322e-05
0 0.99997914 2.0846986e-05
0 0.9999794 2.061119e-05
0 0.9999783 2.164862e-05
0 0.9999571 4.2892927e-05
0 0.99997795 2.2004004e-05
0 0.99997914 2.0855001e-05
0 0.9999769 2.3125733e-05
0 0.999979 2.0958578e-05
0 0.99997914 2.0865367e-05
0 0.9999777 2.224266e-05
0 0.9999794 2.056776e-05
0 0.9999795 2.0561838e-05
0 0.99997723 2.2743034e-05
0 0.99998105 1.8990524e-05
0 0.9999758 2.4199182e-05
1 0.00070070045 0.9992993
1 0.008421153 0.9915788
0 0.9999722 2.775022e-05
0 0.99996936 3.0659477e-05
0 0.99514425 0.0048558163
0 0.9983216 0.0016783349
1 0.003300351 0.99669963
0 0.9963617 0.0036383492
0 0.99826777 0.0017321818
0 0.9999372 6.277853e-05
0 0.9995629 0.0004370323
0 0.99932253 0.00067746086
0 0.9996026 0.00039739208
1 6.562884e-05 0.9999343
1 0.00031936067 0.99968064
0 0.99992836 7.1651906e-05
0 0.999907 9.296651e-05
0 0.99982494 0.00017508073
0 0.9997888 0.00021119232
0 0.99981743 0.00018259384
0 0.99994814 5.183439e-05
0 0.9999684 3.1585478e-05
1 0.003109128 0.99689084
1 0.16117746 0.83882254
1 0.0018535461 0.9981464
1 0.0056668357 0.99433315
1 0.40458816 0.5954118
0 0.99136955 0.008630451
1 0.022451894 0.97754806
1 0.3646886 0.63531137
1 0.18610838 0.81389165
1 0.0033167326 0.9966833
0 0.5376321 0.46236786
0 0.9947109 0.00528903
1 0.3840803 0.6159197
0 0.995083 0.0049170973
0 0.99907935 0.00092059694
0 0.99727255 0.0027274652
0 0.9998099 0.00019006869
0 0.9999156 8.435355e-05
0 0.9958891 0.004110907
0 0.9821724 0.017827544
1 0.00040390046 0.99959606
1 0.00034988543 0.9996501
1 0.00024398706 0.99975604
1 0.00045581316 0.9995442
1 0.00019019286 0.9998098
0 0.9998493 0.00015069726
0 0.99734336 0.0026566833
0 0.99984753 0.0001524841
0 0.9998512 0.00014876299
0 0.9999404 5.9603677e-05
0 0.9999777 2.2279835e-05
0 0.9999676 3.2428605e-05
0 0.9999788 2.1170465e-05
0 0.99997365 2.6373333e-05
0 0.9999759 2.4022225e-05
0 0.9999639 3.6076366e-05
0 0.9999479 5.203973e-05
0 0.99997985 2.0095935e-05
0 0.99997246 2.7497956e-05
0 0.9999776 2.24504e-05
0 0.9999794 2.0662403e-05
0 0.99997866 2.1310232e-05
0 0.9999629 3.7099326e-05
0 0.99997854 2.1495194e-05
0 0.999977 2.30443e-05
0 0.99997413 2.5864176e-05
0 0.99997866 2.1360713e-05
0 0.99997723 2.2787282e-05
0 0.9999782 2.1796803e-05
0 0.99997914 2.0896608e-05
0 0.9999788 2.1242544e-05
0 0.9999746 2.5336803e-05
0 0.9999809 1.9038975e-05
0 0.99997365 2.6385762e-05
1 0.1048463 0.8951537
1 0.09688148 0.9031185
1 0.2790714 0.72092855
1 0.31882492 0.6811751
1 0.4405648 0.5594351
1 0.045353096 0.9546469
1 0.07426412 0.92573595
0 0.8345227 0.16547729
0 0.9343917 0.0656083
0 0.8719402 0.12805979
0 0.9992937 0.00070623826
0 0.99958473 0.00041532388
0 0.99986434 0.0001356405
0 0.99416536 0.005834623
0 0.9998847 0.00011527649
0 0.99839765 0.001602385
0 0.99889094 0.0011091211
0 0.9999155 8.4549574e-05
0 0.9997427 0.00025730164
0 0.999876 0.00012394528
0 0.99995947 4.0489642e-05
0 0.9999703 2.9698136e-05
0 0.9998405 0.00015941728
0 0.999967 3.3078402e-05
0 0.999979 2.0978696e-05
0 0.9999552 4.4785716e-05
0 0.9999807 1.9357021e-05
0 0.99997866 2.1287624e-05
0 0.9999801 1.9897854e-05
0 0.9999778 2.2175776e-05
0 0.99998 2.0055673e-05
0 0.9999684 3.164252e-05
0 0.99997675 2.3297283e-05
0 0.99997175 2.8287794e-05
1 0.4260727 0.57392734
1 0.41065174 0.5893483
0 0.95195043 0.04804955
0 0.57159233 0.42840764
0 0.53722054 0.4627795
1 3.8237973e-05 0.99996173
1 3.466733e-05 0.9999653
1 3.7901395e-05 0.9999621
1 3.407557e-05 0.9999659
1 4.507373e-05 0.99995494
0 0.9999765 2.3500523e-05
0 0.999979 2.1013337e-05
0 0.99998033 1.9619192e-05
0 0.999979 2.0991623e-05
0 0.9999782 2.180963e-05
0 0.9999782 2.1787075e-05
0 0.99997985 2.0181957e-05
0 0.9999783 2.1693448e-05
0 0.9999801 1.987451e-05
1 5.1221246e-05 0.99994874
0 0.6623131 0.3376869
1 3.823232e-05 0.99996173
1 3.0198096e-05 0.99996984
1 5.0434344e-05 0.9999496
0 0.99979216 0.00020781808
0 0.6623131 0.3376869
0 0.99995565 4.4363787e-05
0 0.9999516 4.835468e-05
0 0.99986696 0.00013306388
0 0.99983215 0.00016783972
0 0.99985766 0.00014228442
0 0.9997812 0.00021880836
0 0.6623131 0.3376869
0 0.9998561 0.0001439201
0 0.9999809 1.908435e-05
0 0.99997914 2.080625e-05
1 0.00011892579 0.999881
1 0.000120364886 0.9998796
1 0.00020619626 0.9997938
1 0.00011708067 0.99988294
1 0.00042844235 0.9995715
0 0.9998691 0.00013088521
0 0.999923 7.7028344e-05
0 0.999949 5.1027502e-05
0 0.9996263 0.00037370957
0 0.99989605 0.00010390195
0 0.9999273 7.2764495e-05
0 0.99990356 9.644835e-05
0 0.9999789 2.1154345e-05
0 0.9999771 2.2866278e-05
0 0.9999813 1.8675632e-05
0 0.99991715 8.2811486e-05
1 0.2433361 0.75666386
1 0.22746082 0.77253914
1 0.0008600119 0.9991399
1 0.09149956 0.90850043
1 0.08366857 0.9163314
0 0.98494047 0.01505951
0 0.9915643 0.008435771
0 0.979676 0.020324055
0 0.94277054 0.057229534
0 0.92259985 0.07740016
0 0.63887244 0.36112756
1 0.45071995 0.54928005
0 0.5776104 0.42238966
1 0.050360613 0.9496394
1 0.00026510214 0.99973494
1 0.0007956545 0.99920434
1 0.000108558605 0.9998914
1 0.00015674156 0.99984324
1 0.000120109435 0.99987984
0 0.9999783 2.1684325e-05
0 0.99997926 2.0744576e-05
0 0.99970704 0.0002929293
0 0.99988055 0.00011949257
0 0.998684 0.0013160338
0 0.9969688 0.0030312717
0 0.99884546 0.0011545429
0 0.9992926 0.00070732203
0 0.9992304 0.000769649
1 0.45906448 0.5409356
0 0.68058616 0.3194139
0 0.5683402 0.4316598
1 0.21017276 0.7898272
1 0.41240382 0.5875962
0 0.95341897 0.04658106
0 0.94554675 0.054453306
0 0.9671956 0.03280446
0 0.8966277 0.103372216
0 0.8742716 0.12572846
1 0.13813795 0.86186206
1 0.15701815 0.8429818
1 0.37030315 0.6296968
1 0.43112904 0.56887096
0 0.95838207 0.04161796
1 0.4899124 0.5100876
0 0.68058616 0.3194139
0 0.99959654 0.00040351506
0 0.99874216 0.0012578095
0 0.994958 0.0050420756
0 0.99730456 0.0026953905
1 0.043506257 0.95649374
1 0.0049068984 0.9950931
1 0.012158036 0.98784196
1 0.0014419998 0.998558
1 0.13741212 0.8625878
1 0.008264548 0.9917354
0 0.96067894 0.03932112
0 0.5516609 0.4483391
0 0.9998273 0.00017265318
0 0.9997367 0.0002632742
0 0.99952435 0.00047570217
1 6.6316345e-05 0.9999337
1 9.1198184e-05 0.9999088
1 7.680904e-05 0.9999232
1 5.4968055e-05 0.99994504
1 6.2574894e-05 0.9999374
0 0.9999312 6.883596e-05
0 0.99995375 4.621664e-05
0 0.9989753 0.0010247198
0 0.9997415 0.00025846707
0 0.9966455 0.0033545184
0 0.9997867 0.00021338851
0 0.9992799 0.0007201542
0 0.9966455 0.0033545184
0 0.99997747 2.2550348e-05
0 0.9999651 3.498023e-05
1 0.0002919106 0.9997081
1 0.00059668015 0.99940336
1 5.5704826e-05 0.9999443
0 0.99969554 0.00030451515
0 0.99959344 0.000406626
0 0.99991584 8.413087e-05
0 0.9996408 0.00035922037
0 0.99722713 0.002772799
0 0.9994642 0.00053578056
0 0.57574934 0.4242507
0 0.583616 0.41638404
0 0.92295814 0.077041835
0 0.56916046 0.4308395
0 0.8758743 0.124125674
0 0.99936014 0.00063988654
0 0.96655065 0.03344931
0 0.9994067 0.0005933614
0 0.9989604 0.0010395953
0 0.99971575 0.00028427772
0 0.5979454 0.40205458
0 0.583616 0.41638404
0 0.6561286 0.34387144
0 0.56916046 0.4308395
0 0.60662025 0.39337975
0 0.70899755 0.29100248
0 0.930987 0.069013014
0 0.98723376 0.012766241
0 0.99981517 0.00018484975
0 0.99174905 0.008250928
0 0.9997563 0.00024367317
0 0.999803 0.0001970452
0 0.99755067 0.002449284
0 0.9996804 0.00031962415
0 0.999877 0.00012302461
0 0.9999634 3.664859e-05
0 0.9999733 2.671318e-05
0 0.99889815 0.0011018337
0 0.99920005 0.00079994026
0 0.9957646 0.00423535
0 0.98684305 0.013156984
0 0.99075466 0.009245255
0 0.99988306 0.000116916
0 0.9999198 8.027878e-05
0 0.999928 7.19954e-05
0 0.9998091 0.00019099338
0 0.99991965 8.032227e-05
0 0.99993134 6.8717905e-05
0 0.9999516 4.8344904e-05
0 0.99975485 0.0002451843
0 0.99972314 0.00027684966
0 0.99931884 0.00068120554
0 0.9933026 0.006697468
0 0.99434966 0.0056503895
0 0.99729544 0.0027045088
0 0.96511394 0.03488614
0 0.8319975 0.16800256
0 0.9648578 0.035142154
0 0.9777919 0.02220802
0 0.8770438 0.122956246
0 0.9993455 0.00065451604
0 0.99739337 0.002606642
0 0.9997013 0.00029867518
0 0.99972457 0.00027538333
0 0.99985504 0.00014488821
0 0.9988481 0.0011518943
0 0.99894184 0.001058151
0 0.9990337 0.00096630905
0 0.99873227 0.0012677455
0 0.9901176 0.009882384
0 0.9979096 0.0020904138
0 0.999713 0.00028698455
0 0.99845743 0.0015425466
0 0.9999682 3.1838237e-05
0 0.9998503 0.0001496876
0 0.99995625 4.379723e-05
0 0.9999373 6.2730054e-05
0 0.9999628 3.7133937e-05
0 0.92734367 0.072656296
0 0.99756646 0.0024335065
0 0.99877745 0.0012225745
0 0.99738437 0.0026156278
0 0.9910781 0.008921885
0 0.9675537 0.03244639
0 0.760188 0.23981206
0 0.88763887 0.11236113
0 0.8520547 0.14794528
0 0.7607257 0.23927435
0 0.78949165 0.21050835
0 0.999014 0.0009859758
0 0.99609333 0.0039067143
0 0.9994962 0.00050373946
0 0.9997514 0.00024861595
0 0.9997116 0.0002883677
0 0.98579156 0.014208501
0 0.96655065 0.03344931
0 0.84801674 0.15198329
0 0.8695282 0.13047184
0 0.92614007 0.07385994
0 0.9979528 0.0020471225
0 0.9995819 0.00041814783
0 0.9998852 0.000114769966
0 0.99985194 0.00014798061
0 0.9994104 0.0005896605
0 0.99536765 0.004632391
0 0.9997565 0.00024350017
0 0.99283856 0.0071614594
0 0.9998442 0.00015578883
0 0.99944454 0.000555486
0 0.9999248 7.519613e-05
0 0.9995788 0.00042127282
0 0.99925905 0.000740915
0 0.99894994 0.0010501096
0 0.99495596 0.0050440477
0 0.99992216 7.7846234e-05
0 0.9995459 0.00045415878
0 0.99853873 0.0014613242
0 0.99986994 0.00013007596
0 0.999456 0.0005440089
0 0.99992347 7.657889e-05
0 0.99989915 0.00010087645
0 0.9998673 0.00013262268
0 0.9998286 0.00017137386
0 0.99955803 0.00044197007
0 0.999962 3.8076374e-05
0 0.9999436 5.6420085e-05
0 0.99995685 4.3186472e-05
0 0.99969864 0.00030140497
0 0.9998497 0.00015024212
0 0.9985367 0.0014632388
0 0.9995142 0.00048576941
0 0.98829764 0.011702392
0 0.99951804 0.00048196685
0 0.9996835 0.0003164948
0 0.9992237 0.00077627786
0 0.9989863 0.0010137174
0 0.9997632 0.00023677065
0 0.9436391 0.056360967
0 0.9276745 0.07232552
1 0.02025635 0.9797436
1 0.17370512 0.8262949
0 0.9964804 0.0035195951
0 0.97399276 0.026007244
0 0.9558935 0.04410643
0 0.96795624 0.032043714
0 0.9940201 0.0059798816
0 0.9974636 0.0025363534
0 0.5714613 0.42853868
0 0.79395485 0.20604518
0 0.9927262 0.0072737318
0 0.96697927 0.033020735
0 0.99508345 0.0049166284
0 0.99258584 0.0074141226
0 0.9943084 0.00569156
0 0.999338 0.00066202646
0 0.996055 0.003944942
0 0.9969997 0.0030002752
0 0.9966968 0.0033031758
1 0.0009236408 0.99907637
1 0.49501073 0.50498927
1 0.0008263682 0.9991736
1 0.0002628571 0.9997371
1 0.00035118408 0.9996488
0 0.99994755 5.2503514e-05
0 0.9999684 3.1540265e-05
0 0.999946 5.4051794e-05
0 0.9975471 0.0024528727
1 0.49501073 0.50498927
0 0.99923766 0.0007623974
0 0.99687225 0.0031277195
0 0.99754816 0.0024518068
0 0.9999558 4.4271572e-05
0 0.9999497 5.0279807e-05
0 0.99995315 4.6899855e-05
0 0.9999807 1.9294173e-05
0 0.9999796 2.0334657e-05
0 0.9999571 4.2880572e-05
0 0.9999676 3.2462085e-05
0 0.9999583 4.1714524e-05
0 0.9999733 2.6747592e-05
0 0.9998969 0.0001030512
0 0.9998056 0.00019438248
0 0.99994826 5.1733055e-05
0 0.99988663 0.00011331625
0 0.9999347 6.5339336e-05
0 0.9999417 5.823315e-05
0 0.9999547 4.5325112e-05
0 0.9999769 2.3103557e-05
0 0.9999341 6.5936794e-05
0 0.99994826 5.172615e-05
0 0.99996483 3.5115794e-05
0 0.9998709 0.00012910459
0 0.99997485 2.5194407e-05
0 0.9999702 2.979669e-05
0 0.99997926 2.0745405e-05
0 0.9999776 2.239824e-05
0 0.9999758 2.4154222e-05
0 0.99996054 3.941799e-05
0 0.99996734 3.26758e-05
1 6.996264e-05 0.99993
1 5.8464513e-05 0.9999416
0 0.65463907 0.34536088
1 6.0491468e-05 0.99993956
1 5.6012224e-05 0.999944
1 5.591136e-05 0.9999441
0 0.9999739 2.607712e-05
0 0.9999778 2.2200617e-05
0 0.9999776 2.2371236e-05
0 0.99997735 2.2652168e-05
0 0.999977 2.3002802e-05
0 0.9999647 3.523111e-05
0 0.99997115 2.888344e-05
0 0.99997866 2.1280519e-05
0 0.9999808 1.922152e-05
0 0.99998033 1.9615956e-05
0 0.9999809 1.9078943e-05
0 0.99998057 1.9401892e-05
0 0.9999771 2.2834747e-05
0 0.99997663 2.3406361e-05
0 0.999979 2.101506e-05
0 0.65463907 0.34536088
0 0.99997926 2.0683297e-05
0 0.99997675 2.3215134e-05
0 0.9999794 2.0635069e-05
0 0.99996984 3.0127994e-05
0 0.9999813 1.867022e-05
0 0.65463907 0.34536088
0 0.99997795 2.203462e-05
0 0.9999794 2.0601465e-05
0 0.9999807 1.9283614e-05
0 0.99997866 2.1297472e-05
0 0.99997985 2.0172818e-05
0 0.9999802 1.9764564e-05
0 0.99998 2.0008258e-05
0 0.9999809 1.9128773e-05
0 0.99997866 2.1280519e-05
1 8.04816e-05 0.99991953
1 6.75818e-05 0.9999324
1 7.888518e-05 0.9999211
1 6.8580695e-05 0.99993145
1 5.0325714e-05 0.9999497
0 0.9998258 0.00017428274
0 0.99990106 9.894758e-05
0 0.9999323 6.769339e-05
1 0.040751487 0.9592485
1 0.089500606 0.91049945
0 0.9930593 0.006940758
0 0.9929716 0.007028475
0 0.99076676 0.0092333015
0 0.9974516 0.0025484338
0 0.92739666 0.072603285
0 0.98416615 0.015833847
0 0.9886076 0.011392408
0 0.9968412 0.0031587637
0 0.9896147 0.010385295
0 0.98169816 0.018301876
0 0.99983585 0.00016417043
0 0.99989784 0.00010217955
0 0.9999188 8.115261e-05
0 0.99965703 0.00034293148
0 0.9999136 8.638952e-05
0 0.99992335 7.659895e-05
0 0.999041 0.00095898646
0 0.9999454 5.4596047e-05
0 0.99857867 0.0014213184
0 0.99732494 0.0026749934
0 0.99860567 0.0013943326
0 0.9967253 0.0032746678
0 0.9993494 0.0006505585
0 0.99763536 0.0023646657
0 0.9850072 0.0149927465
0 0.9998461 0.00015386903
0 0.99887675 0.0011231856
0 0.99982244 0.00017764875
0 0.9998789 0.00012105355
0 0.9998313 0.00016865307
0 0.99996686 3.3148062e-05
0 0.99994576 5.4266853e-05
0 0.9998723 0.00012769403
0 0.9999126 8.738726e-05
0 0.99985766 0.00014233627
0 0.9999473 5.2664476e-05
0 0.9997943 0.00020565787
0 0.99995065 4.93568e-05
0 0.99993896 6.1014263e-05
0 0.9999294 7.0600756e-05
1 0.00060208666 0.9993979
1 0.060112994 0.939887
1 0.00011427026 0.9998857
1 0.0022497461 0.9977502
1 0.00014925646 0.99985075
0 0.9999567 4.3308177e-05
0 0.99997234 2.7612869e-05
0 0.999969 3.1029955e-05
0 0.9999368 6.315453e-05
0 0.99993277 6.7174435e-05
0 0.99983263 0.0001673903
0 0.9999441 5.5955155e-05
0 0.99968433 0.000315649
0 0.9998055 0.00019451875
0 0.9999732 2.6768259e-05
0 0.9999745 2.5463585e-05
0 0.9999747 2.5233407e-05
0 0.9999732 2.6846079e-05
0 0.99997807 2.1942064e-05
0 0.999912 8.799502e-05
0 0.9992945 0.00070543046
0 0.99969447 0.0003055309
0 0.9997943 0.00020565787
0 0.99995494 4.5096087e-05
0 0.99995303 4.6931436e-05
0 0.999954 4.5955236e-05
0 0.9999776 2.2452734e-05
0 0.99997735 2.2678409e-05
0 0.9999782 2.1775963e-05
1 0.00012716738 0.9998728
1 0.0002620314 0.9997379
1 0.00013196205 0.99986804
1 0.0001372685 0.9998627
1 0.0001634036 0.99983656
0 0.9995384 0.00046158323
0 0.999824 0.00017607871
0 0.999858 0.0001419405
0 0.9984731 0.0015269078
0 0.999816 0.0001840838
0 0.9992867 0.00071335235
0 0.9988147 0.0011853318
1 0.26372448 0.73627555
0 0.99380255 0.006197458
0 0.935675 0.06432502
0 0.99984264 0.00015736122
0 0.999816 0.0001840838
0 0.99845207 0.0015479636
0 0.99279904 0.0072009773
0 0.6736913 0.3263088
0 0.9986297 0.0013702901
0 0.9985158 0.0014841626
1 3.7894093e-05 0.9999621
1 7.714273e-05 0.9999229
1 0.16719306 0.83280694
1 0.0004055796 0.9995944
0 0.98612845 0.013871605
0 0.99959594 0.00040402365
1 0.0049683093 0.9950317
1 0.0002869331 0.999713
1 4.658586e-05 0.9999534
1 6.0261504e-05 0.9999397
0 0.99997294 2.7013572e-05
0 0.9999417 5.8307945e-05
0 0.9999658 3.4238146e-05
0 0.9999794 2.061422e-05
0 0.99993443 6.555278e-05
0 0.9999409 5.916074e-05
0 0.99996877 3.1213873e-05
0 0.9995431 0.0004569941
0 0.9993333 0.00066666165
0 0.9994282 0.0005717907
1 0.00013077915 0.9998692
1 0.002463101 0.9975369
1 0.000118304146 0.9998816
1 0.0001954832 0.99980456
1 0.00032819292 0.9996718
0 0.99997413 2.5919586e-05
0 0.9999708 2.9170162e-05
0 0.99996555 3.4484692e-05
0 0.9999745 2.5537664e-05
0 0.9993711 0.0006288691
0 0.9998406 0.00015936168
0 0.9999796 2.0392372e-05
0 0.99997306 2.695187e-05
0 0.9991211 0.00087884633
0 0.9999678 3.2166496e-05
0 0.99752456 0.0024753886
0 0.96513426 0.034865744
0 0.9999578 4.2172785e-05
0 0.9850653 0.014934692
0 0.99875 0.0012499808
0 0.9886897 0.011310289
0 0.81221056 0.1877895
0 0.9999598 4.0154802e-05
0 0.99996376 3.62245e-05
0 0.99996614 3.38692e-05
0 0.9999689 3.106231e-05
0 0.99997497 2.4974184e-05
0 0.5496393 0.45036072
0 0.900578 0.099421956
0 0.994909 0.005091044
0 0.9937065 0.006293461
0 0.9999248 7.527283e-05
0 0.99967 0.00032997152
0 0.999161 0.00083895086
0 0.9977628 0.0022372452
0 0.9959727 0.004027303
0 0.99934405 0.0006559657
0 0.9998714 0.0001285996
0 0.99995315 4.680834e-05
0 0.9995932 0.00040685362
0 0.999759 0.00024098197
0 0.97166675 0.028333213
0 0.9984804 0.0015196451
0 0.9993862 0.0006137432
0 0.9547978 0.04520218
0 0.9439958 0.056004193
0 0.8910223 0.10897766
0 0.97568136 0.024318624
0 0.9995851 0.00041488028
0 0.9850771 0.014922968
0 0.9999763 2.3757339e-05
0 0.9999244 7.555214e-05
0 0.999979 2.0926524e-05
0 0.99992263 7.732331e-05
0 0.99988055 0.00011947161
0 0.99997675 2.3202052e-05
0 0.99995506 4.492508e-05
0 0.9999788 2.1217094e-05
0 0.99997044 2.9601664e-05
0 0.9999417 5.8298494e-05
0 0.9998772 0.0001228243
0 0.9988537 0.0011462789
1 0.009034262 0.9909657
1 0.0064745257 0.9935255
1 0.008114655 0.9918853
1 0.002894143 0.9971059
1 0.00022560469 0.9997744
0 0.7459515 0.2540485
0 0.99544334 0.0045566303
0 0.94582146 0.054178517
0 0.99972695 0.00027300857
0 0.99624276 0.0037572552
0 0.999979 2.1007685e-05
0 0.99997735 2.2704744e-05
0 0.999979 2.1024198e-05
0 0.99997795 2.1999995e-05
0 0.99998 2.0029907e-05
0 0.9999813 1.867385e-05
0 0.9999796 2.0340533e-05
0 0.9999428 5.7271754e-05
0 0.99997914 2.0821515e-05
0 0.9999807 1.9349603e-05
0 0.9999802 1.9730945e-05
0 0.99998045 1.9580633e-05
0 0.9999802 1.9838059e-05
0 0.999979 2.0933807e-05
0 0.9999788 2.1246677e-05
0 0.99998105 1.8911958e-05
0 0.99998045 1.9603165e-05
0 0.9999796 2.0326182e-05
0 0.9999634 3.662295e-05
0 0.99998105 1.8900726e-05
0 0.99998105 1.9008643e-05
0 0.9999813 1.8770894e-05
0 0.99998116 1.8790304e-05
0 0.99994695 5.2989708e-05
0 0.9999802 1.9846348e-05
0 0.99997663 2.3418283e-05
0 0.99822766 0.0017723915
0 0.76883477 0.23116522
0 0.8717722 0.1282278
0 0.9571582 0.042841814
0 0.5907603 0.40923968
0 0.99993026 6.967521e-05
0 0.99966633 0.00033371852
0 0.9999479 5.20794e-05
0 0.9999728 2.7206752e-05
0 0.9999485 5.1526615e-05
0 0.99981195 0.00018803535
0 0.9989262 0.0010737472
0 0.9999337 6.625654e-05
0 0.9999728 2.7149834e-05
0 0.9999566 4.3385146e-05
0 0.9985788 0.0014212508
0 0.88216513 0.11783482
1 0.22453122 0.77546877
0 0.88216513 0.11783482
1 0.41141105 0.58858895
1 0.06700535 0.93299466
0 0.9900594 0.009940652
0 0.99997365 2.6295678e-05
0 0.9999392 6.0843446e-05
1 0.021942 0.97805804
1 0.08298065 0.91701937
1 0.34949774 0.65050226
0 0.6593944 0.3406056
0 0.67267525 0.32732475
0 0.99385107 0.0061488817
0 0.9995864 0.00041363438
0 0.99862254 0.0013775122
0 0.9081945 0.091805555
1 0.12672004 0.87328
1 0.1040395 0.89596057
1 0.061081722 0.9389183
0 0.94826454 0.051735505
0 0.55015886 0.44984117
0 0.9865078 0.013492182
0 0.99978346 0.0002165901
0 0.9986106 0.0013893978
1 0.00012039313 0.9998796
1 6.963398e-05 0.9999304
1 0.0003079456 0.9996921
1 0.0001208478 0.9998791
1 9.99816e-05 0.9999
0 0.9947102 0.005289765
0 0.96846193 0.03153813
1 0.0020901433 0.99790984
1 0.020056456 0.9799436
0 0.7443543 0.2556457
1 0.2070778 0.7929222
1 0.117605574 0.88239443
1 0.27780208 0.72219795
0 0.57370824 0.42629176
1 0.02695049 0.97304946
1 0.42381763 0.57618237
1 0.00017651675 0.9998235
1 0.0005812003 0.99941885
1 0.00014698876 0.999853
0 0.9918156 0.0081843715
1 0.42381763 0.57618237
0 0.99970204 0.00029791158
0 0.9996836 0.00031638955
0 0.99968743 0.00031256516
0 0.9998159 0.00018419827
0 0.9998814 0.000118577474
0 0.9999428 5.719746e-05
0 0.9999629 3.7109407e-05
0 0.99991536 8.467835e-05
0 0.5510975 0.44890246
0 0.80448776 0.19551222
0 0.9384434 0.06155654
0 0.99602973 0.003970257
0 0.7041345 0.29586545
0 0.91338897 0.08661109
1 0.40507245 0.59492755
0 0.63624036 0.3637596
0 0.8085175 0.19148242
1 0.07932385 0.9206761
0 0.8374656 0.16253446
1 0.11197056 0.8880294
1 0.031908862 0.9680911
0 0.9968612 0.003138805
0 0.99567246 0.004327576
0 0.99960524 0.00039481098
0 0.99948657 0.00051345804
0 0.9992748 0.0007252749
0 0.9995134 0.00048666348
0 0.6970791 0.30292088
0 0.69386524 0.30613473
0 0.99980253 0.00019746952
0 0.99990726 9.2686605e-05
0 0.99946386 0.0005361276
0 0.99935657 0.0006434157
0 0.9996309 0.0003690627
0 0.99696094 0.003039076
0 0.99907863 0.0009213977
0 0.9971041 0.0028958996
0 0.98092467 0.019075254
0 0.9026459 0.09735406
0 0.9825615 0.017438464
1 0.020537315 0.9794627
1 0.00617249 0.9938275
0 0.9996662 0.0003337866
0 0.99967754 0.00032249742
0 0.9997831 0.00021686514
0 0.9999385 6.146973e-05
0 0.9996704 0.00032962937
0 0.9998989 0.00010103229
0 0.9997851 0.0002148531
0 0.98943233 0.01056766
0 0.99108547 0.008914542
0 0.9994554 0.0005446102
0 0.99977416 0.00022584853
0 0.9998995 0.00010046346
0 0.99984455 0.00015537403
0 0.99993575 6.4304215e-05
0 0.9999298 7.023056e-05
0 0.9999449 5.506154e-05
0 0.97207963 0.027920315
0 0.9050464 0.09495364
0 0.9817145 0.018285537
0 0.9992036 0.00079634285
0 0.99982685 0.00017317718
0 0.99934345 0.0006565747
1 0.033967745 0.96603227
1 0.17248732 0.8275127
1 0.45415005 0.54585
0 0.99579084 0.0042091035
0 0.99587375 0.0041262526
1 3.907539e-05 0.9999609
1 4.1931406e-05 0.99995804
1 4.009045e-05 0.99995995
1 8.771085e-05 0.99991226
1 4.057178e-05 0.99995947
0 0.99976903 0.00023093457
0 0.99992895 7.106385e-05
0 0.9999325 6.740995e-05
0 0.9997787 0.00022129333
0 0.9998447 0.00015532812
0 0.9999546 4.536238e-05
0 0.9999622 3.7816983e-05
0 0.99996424 3.570201e-05
0 0.99996614 3.3871976e-05
0 0.9997061 0.00029391146
1 0.35033557 0.64966446
0 0.6860044 0.3139956
0 0.53428984 0.4657102
0 0.69278574 0.30721426
0 0.69578576 0.30421424
1 0.011614657 0.9883853
0 0.85676384 0.14323618
0 0.99988365 0.000116371215
0 0.9999149 8.5161475e-05
0 0.99739814 0.002601923
0 0.9959228 0.0040772147
0 0.99918824 0.0008118018
0 0.998765 0.001235075
0 0.9966534 0.0033465943
0 0.9997763 0.0002236589
0 0.9997805 0.00021951362
0 0.99844486 0.0015552072
0 0.99983096 0.00016900111
0 0.9997949 0.00020506652
0 0.9998838 0.000116170864
0 0.9999478 5.21932e-05
0 0.99984634 0.00015368794
0 0.9987495 0.001250515
0 0.99898535 0.0010146324
0 0.98074484 0.01925513
0 0.57360363 0.4263964
0 0.9976398 0.0023602173
0 0.9987042 0.0012957816
0 0.7925909 0.20740905
1 0.0056160083 0.99438393
1 0.0020466351 0.9979533
1 0.0010327436 0.9989673
1 0.0008967608 0.9991033
0 0.99995804 4.2013824e-05
0 0.9999361 6.388528e-05
0 0.999967 3.3023178e-05
0 0.9999565 4.3495213e-05
0 0.9999043 9.572112e-05
0 0.99994886 5.1153595e-05
0 0.999943 5.6952213e-05
0 0.99995685 4.3187174e-05
0 0.9999602 3.9760947e-05
0 0.9998723 0.00012767455
0 0.9998592 0.0001408232
0 0.99952126 0.00047875478
0 0.99986446 0.00013558193
0 0.99983287 0.00016715296
0 0.99989974 0.00010027205
0 0.9994809 0.0005190772
0 0.99903417 0.0009659097
0 0.99479574 0.0052043074
0 0.99996734 3.2615433e-05
1 5.0826977e-05 0.9999492
1 4.7400474e-05 0.99995255
1 6.9127105e-05 0.99993086
1 7.027397e-05 0.99992967
1 3.778998e-05 0.9999622
0 0.98456603 0.015433963
0 0.9760843 0.02391572
1 0.18795255 0.8120475
1 0.3640106 0.63598937
1 0.42920277 0.57079726
1 0.34188634 0.6581137
1 0.06869616 0.93130386
0 0.94412124 0.055878785
0 0.96717674 0.03282324
0 0.9983612 0.001638768
0 0.99630463 0.0036953327
0 0.9900239 0.00997606
0 0.99919945 0.00080050644
0 0.99969053 0.00030944063
0 0.9998977 0.000102328646
0 0.99992216 7.780601e-05
0 0.9999286 7.1352435e-05
0 0.99994266 5.73876e-05
0 0.9999279 7.216077e-05
0 0.9844354 0.015564618
0 0.99530053 0.004699503
0 0.9993326 0.00066734117
0 0.996082 0.0039179614
0 0.974269 0.025731003
1 0.0036039387 0.9963961
1 0.0014540269 0.998546
1 0.0016982057 0.99830174
1 3.7309754e-05 0.9999627
1 3.5591464e-05 0.99996436
1 3.480002e-05 0.9999652
1 3.578208e-05 0.99996424
1 3.097437e-05 0.999969
0 0.9999497 5.0282066e-05
0 0.9994307 0.0005692021
0 0.99800307 0.0019969083
0 0.99559855 0.0044013746
0 0.9999416 5.8363905e-05
0 0.9999647 3.5313053e-05
0 0.9997962 0.00020374998
0 0.99998033 1.9649491e-05
0 0.99997985 2.0133399e-05
0 0.99998116 1.8782173e-05
0 0.99998045 1.9532552e-05
1 0.0003454654 0.99965453
1 0.0001696783 0.99983025
0 0.998287 0.0017130076
0 0.9996594 0.00034063516
0 0.998611 0.0013890247
0 0.9996113 0.00038865546
0 0.9999018 9.820142e-05
0 0.9998847 0.00011531321
0 0.99970895 0.00029102637
0 0.999899 0.00010094601
0 0.99980086 0.00019916908
0 0.9994779 0.0005220999
0 0.99992514 7.482225e-05
0 0.99987733 0.00012269834
0 0.99989057 0.00010947841
0 0.9994442 0.00055577885
1 5.5031407e-05 0.9999449
1 0.006429376 0.99357057
1 0.0017636544 0.9982363
1 0.00022719757 0.99977285
0 0.9992204 0.0007796124
0 0.9973979 0.0026021458
0 0.999964 3.6037236e-05
0 0.999936 6.398515e-05
1 6.38971e-05 0.9999361
1 9.0668975e-05 0.9999093
1 6.301569e-05 0.99993694
1 7.5649754e-05 0.9999243
1 5.7157064e-05 0.9999429
0 0.99996555 3.449137e-05
0 0.9999715 2.8501412e-05
0 0.999959 4.104629e-05
0 0.9999722 2.7792015e-05
0 0.9999585 4.153098e-05
0 0.99997914 2.0828704e-05
0 0.9999784 2.1542803e-05
0 0.9999758 2.414966e-05
0 0.9999763 2.368445e-05
0 0.9999778 2.2220232e-05
0 0.9999778 2.2128981e-05
0 0.9999789 2.1063915e-05
0 0.99998 2.0006426e-05
0 0.99997795 2.2051312e-05
0 0.99997663 2.3418372e-05
0 0.99997973 2.0240243e-05
0 0.9999771 2.292954e-05
0 0.9999753 2.4678857e-05
0 0.99997854 2.147061e-05
0 0.9999764 2.3652716e-05
0 0.9999765 2.3477316e-05
0 0.99997795 2.2068269e-05
0 0.999979 2.099819e-05
0 0.99997926 2.0719544e-05
0 0.999977 2.3004886e-05
0 0.9999759 2.4022454e-05
0 0.99997735 2.2657958e-05
0 0.99997735 2.2681654e-05
0 0.9999769 2.316065e-05
0 0.99996936 3.060663e-05
0 0.99997413 2.5893372e-05
0 0.9999732 2.687431e-05
0 0.9999751 2.4912053e-05
0 0.9999685 3.1425305e-05
0 0.99997675 2.3283514e-05
0 0.99997854 2.1467662e-05
0 0.9999795 2.054888e-05
0 0.99997556 2.4416597e-05
0 0.9999769 2.317099e-05
0 0.9999783 2.1676758e-05
1 0.0001407609 0.9998592
1 0.00010357452 0.9998964
1 0.0021247861 0.9978752
1 0.00011265066 0.99988735
1 0.00018449794 0.9998155
0 0.99995923 4.0784165e-05
0 0.99984324 0.00015673556
0 0.9999778 2.211512e-05
0 0.9999658 3.4241184e-05
0 0.99997854 2.1427612e-05
0 0.9999789 2.1103504e-05
0 0.99997926 2.0791913e-05
0 0.9999707 2.9325493e-05
0 0.9995078 0.0004922249
0 0.9999559 4.409229e-05
0 0.99997175 2.8194201e-05
0 0.999972 2.8070632e-05
0 0.9999678 3.2126456e-05
0 0.99984324 0.00015673556
0 0.99995875 4.1212355e-05
0 0.99997354 2.6486832e-05
0 0.9998585 0.00014151375
0 0.9999795 2.051301e-05
0 0.99997866 2.1369025e-05
0 0.9999796 2.0352194e-05
0 0.99997866 2.1286223e-05
0 0.99998 2.0029218e-05
0 0.99996734 3.2683627e-05
0 0.9998242 0.00017578782
0 0.9998697 0.00013026736
0 0.99997187 2.8155298e-05
0 0.9998759 0.00012404649
1 0.031747084 0.9682529
1 0.18679939 0.8132006
1 0.0016140506 0.9983859
1 0.13081042 0.8691896
1 0.0016022767 0.99839777
0 0.9885616 0.011438416
1 0.44319224 0.55680776
0 0.9675705 0.032429468
1 0.19950871 0.80049133
0 0.92198837 0.078011654
0 0.73200226 0.26799774
0 0.83382756 0.16617247
1 0.034761462 0.9652385
1 0.14002433 0.8599757
0 0.97585684 0.0241432
0 0.625981 0.37401906
1 0.44169736 0.55830264
0 0.97306854 0.026931409
0 0.99986494 0.00013504428
0 0.9998728 0.00012713998
0 0.99991524 8.473585e-05
0 0.9998964 0.000103591316
0 0.9999684 3.16208e-05
0 0.99996173 3.825282e-05
0 0.99996376 3.623684e-05
0 0.999961 3.89457e-05
0 0.9999664 3.361474e-05
0 0.9999708 2.9150193e-05
0 0.9998883 0.00011166288
0 0.9995351 0.00046496393
0 0.99997973 2.0243659e-05
0 0.99995005 4.9973067e-05
0 0.99992764 7.237336e-05
0 0.9999474 5.262618e-05
0 0.9999764 2.355026e-05
0 0.99994576 5.421771e-05
0 0.99944526 0.00055471825
0 0.9999676 3.2450323e-05
0 0.9999739 2.612227e-05
0 0.999979 2.1002035e-05
0 0.99997604 2.3963468e-05
0 0.99997866 2.1297188e-05
0 0.99997556 2.443472e-05
0 0.99994946 5.050827e-05
0 0.9999752 2.482232e-05
0 0.99997866 2.1335225e-05
0 0.999979 2.0928497e-05
0 0.99465007 0.0053499048
0 0.9997328 0.00026715174
0 0.99964046 0.00035953897
0 0.9998584 0.00014156339
0 0.5735658 0.42643428
1 0.00063508557 0.9993649
1 0.0005931849 0.9994068
1 0.004875851 0.99512416
1 0.006642066 0.99335796
0 0.99995995 4.0005052e-05
0 0.99991596 8.40923e-05
1 3.6810234e-05 0.99996316
1 4.0669984e-05 0.99995935
1 4.0617808e-05 0.99995935
1 3.93618e-05 0.99996066
1 3.8313934e-05 0.99996173
0 0.9999254 7.456554e-05
0 0.8391425 0.1608575
0 0.99996674 3.321248e-05
0 0.99997056 2.9485813e-05
0 0.9999738 2.6259318e-05
0 0.9999808 1.915641e-05
0 0.9999788 2.1265732e-05
0 0.9999794 2.058707e-05
0 0.9999788 2.1265732e-05
0 0.99992836 7.162827e-05
0 0.9999788 2.1265732e-05
1 7.960375e-05 0.99992037
1 0.00016807675 0.9998319
1 0.0008203166 0.99917966
1 0.00013152577 0.9998685
0 0.98591936 0.014080711
0 0.9999049 9.5080766e-05
0 0.99963975 0.00036028388
0 0.9927045 0.0072954595
0 0.9995427 0.0004573275
0 0.9998925 0.000107490705
0 0.9968867 0.0031133106
0 0.99972135 0.000278636
0 0.9996113 0.00038869775
1 9.063993e-05 0.9999094
1 4.1230247e-05 0.99995875
1 4.7896658e-05 0.9999521
1 3.345155e-05 0.9999665
1 3.410574e-05 0.9999659
0 0.99927574 0.0007242941
0 0.9977537 0.002246343
1 4.9066588e-05 0.9999509
1 0.0015356505 0.99846435
1 3.0973126e-05 0.999969
1 2.8067849e-05 0.999972
1 0.00020624719 0.9997938
0 0.9940058 0.0059941667
0 0.8816765 0.118323505
0 0.9997601 0.00023986699
0 0.97684026 0.023159742
1 5.2958243e-05 0.9999471
1 4.7254154e-05 0.9999528
1 0.00012626214 0.99987376
1 8.107457e-05 0.99991894
1 0.00010808253 0.9998919
1 0.0382738 0.96172625
0 0.9994723 0.00052774796
0 0.99994826 5.1752402e-05
0 0.99989045 0.000109525914
0 0.99968374 0.0003163256
0 0.9999647 3.5287467e-05
0 0.9999566 4.3420787e-05
0 0.9999403 5.972499e-05
0 0.99995494 4.5012213e-05
0 0.99925154 0.00074843585
1 0.0044112126 0.9955888
1 0.3615051 0.63849485
1 0.090053715 0.90994626
1 0.06278846 0.9372116
1 0.010321765 0.98967826
0 0.99936706 0.0006329758
0 0.9997367 0.00026323478
0 0.99991167 8.833198e-05
0 0.99961793 0.00038199444
0 0.9998031 0.00019692481
0 0.99996245 3.759602e-05
0 0.9999585 4.1516214e-05
0 0.9966696 0.0033304046
0 0.96283144 0.037168633
0 0.9993024 0.0006975932
0 0.93995726 0.060042743
0 0.9939085 0.0060914154
1 0.0027418141 0.9972582
1 0.00019363772 0.99980634
1 3.4604443e-05 0.9999654
1 3.7236176e-05 0.9999628
1 4.0077488e-05 0.99995995
1 4.8826623e-05 0.9999511
1 4.1450658e-05 0.9999585
1 0.24490257 0.75509745
0 0.9999478 5.2199277e-05
0 0.99996376 3.6214697e-05
0 0.9998654 0.00013451028
0 0.999925 7.499841e-05
0 0.99997723 2.2757136e-05
0 0.9986902 0.0013098653
1 0.1575102 0.84248984
0 0.9999707 2.9336876e-05
0 0.9997036 0.00029638121
1 0.00928443 0.9907156
1 0.08208141 0.91791856
1 0.0044041206 0.9955959
1 0.47383618 0.52616376
1 0.0012419464 0.9987581
0 0.97855854 0.021441463
1 0.24776082 0.75223917
1 0.00042854267 0.9995715
1 0.003406458 0.99659353
1 0.0020878015 0.9979122
1 0.00017830513 0.9998217
1 0.00053163205 0.9994684
0 0.9996375 0.00036249397
0 0.99987936 0.0001205981
0 0.99994826 5.1708987e-05
0 0.9999554 4.4606953e-05
0 0.9999125 8.747639e-05
0 0.9995485 0.0004515299
0 0.9999486 5.137294e-05
0 0.99963987 0.00036009605
0 0.9999126 8.735977e-05
1 0.0014829943 0.998517
1 0.00012331434 0.9998766
1 0.00015062613 0.9998493
1 0.0022075654 0.9977925
0 0.99977607 0.00022399973
0 0.9999198 8.0193924e-05
0 0.9999113 8.8628796e-05
0 0.99991345 8.653496e-05
0 0.999705 0.00029499145
0 0.9998883 0.00011170016
1 0.0019574547 0.99804246
1 0.018154107 0.9818459
1 0.0030829813 0.996917
1 0.0008806822 0.99911934
1 0.0017060237 0.99829394
0 0.9993642 0.0006358682
0 0.9998565 0.00014346383
0 0.99992025 7.973313e-05
0 0.9999378 6.227671e-05
0 0.9999101 8.98274e-05
0 0.9848251 0.015174948
0 0.9925444 0.0074555743
0 0.97680306 0.023196958
0 0.9970392 0.0029608111
0 0.9947031 0.0052968273
1 3.0710336e-05 0.99996924
1 3.6456207e-05 0.9999635
1 3.5413275e-05 0.9999646
1 3.2418833e-05 0.9999676
1 3.072293e-05 0.99996924
0 0.9999627 3.7258764e-05
0 0.9999087 9.134903e-05
0 0.9997272 0.00027282644
0 0.99746335 0.0025366696
0 0.9997762 0.00022386074
0 0.99985445 0.00014548184
0 0.9801139 0.019886065
0 0.99827373 0.0017262337
0 0.9996314 0.00036857347
0 0.9991412 0.00085876876
1 0.08043591 0.9195641
0 0.9960543 0.0039456426
0 0.6381433 0.36185676
0 0.5053974 0.49460265
1 0.0018359126 0.9981641
1 0.018742966 0.98125696
1 0.004842247 0.9951578
0 0.8524507 0.14754921
0 0.50411576 0.49588424
1 0.45897147 0.54102856
0 0.96740806 0.032591917
0 0.98948646 0.010513528
0 0.9918252 0.008174715
1 6.432954e-05 0.9999356
1 4.007313e-05 0.99995995
1 4.0447045e-05 0.9999596
1 3.9445746e-05 0.99996054
1 4.375256e-05 0.99995625
0 0.9992772 0.0007228767
0 0.9993544 0.0006455791
0 0.9999751 2.4913528e-05
0 0.99991155 8.841759e-05
0 0.9999658 3.425696e-05
0 0.99997115 2.8878261e-05
0 0.99996376 3.618473e-05
1 3.3050088e-05 0.999967
1 0.0006028728 0.99939716
1 4.0430226e-05 0.9999596
1 3.6624973e-05 0.9999634
1 0.00042087218 0.99957913
0 0.99994445 5.5597622e-05
0 0.9999428 5.7236753e-05
0 0.9999757 2.4350675e-05
0 0.99994874 5.1228966e-05
0 0.9999714 2.8614106e-05
0 0.9999713 2.870813e-05
0 0.99997437 2.5612488e-05
0 0.99997616 2.3839108e-05
0 0.9999658 3.42404e-05
1 8.27597e-05 0.99991727
1 0.00071914535 0.99928087
1 5.4368636e-05 0.99994564
1 7.222245e-05 0.99992776
1 0.0001060614 0.9998939
0 0.9999782 2.1791815e-05
0 0.99997115 2.8840997e-05
0 0.99997926 2.0734527e-05
0 0.99979943 0.00020064038
0 0.99997616 2.389984e-05
0 0.9999354 6.461322e-05
0 0.99996173 3.8241695e-05
0 0.99997556 2.4439172e-05
0 0.99997294 2.7115035e-05
0 0.99996746 3.251872e-05
0 0.99997795 2.2053984e-05
0 0.9999794 2.0655487e-05
0 0.99997234 2.7680127e-05
0 0.9999795 2.0501882e-05
0 0.9999788 2.1256608e-05
0 0.9999794 2.0682353e-05
0 0.99997735 2.2648495e-05
0 0.99998116 1.8859137e-05
0 0.99997914 2.0881731e-05
0 0.99997973 2.0297884e-05
0 0.9999801 1.996682e-05
1 8.958643e-05 0.99991035
1 5.041698e-05 0.9999496
1 5.3172043e-05 0.99994683
1 7.866471e-05 0.9999213
0 0.9999715 2.8475602e-05
0 0.99994326 5.6775814e-05
0 0.9999478 5.215847e-05
0 0.9999746 2.5379852e-05
0 0.99997926 2.0769714e-05
0 0.99997926 2.07216e-05
0 0.9999732 2.686703e-05
0 0.99997747 2.2548973e-05
1 9.785985e-05 0.9999021
1 7.122022e-05 0.99992883
1 0.0001994745 0.9998005
1 8.1129554e-05 0.9999188
1 9.209965e-05 0.99990785
0 0.9999691 3.0899995e-05
0 0.9998981 0.0001018691
0 0.99997735 2.2657763e-05
0 0.9999627 3.7256883e-05
0 0.9999782 2.1781114e-05
0 0.9999794 2.0572232e-05
0 0.99997914 2.0870162e-05
0 0.9999801 1.9858482e-05
0 0.9999709 2.907734e-05
0 0.99997115 2.879197e-05
0 0.99998057 1.9442605e-05
0 0.99998045 1.9529647e-05
0 0.9999796 2.0348061e-05
0 0.9998981 0.0001018691
0 0.9999765 2.3526265e-05
0 0.99997663 2.331413e-05
0 0.99997556 2.4413874e-05
0 0.9999794 2.0655172e-05
0 0.9999801 1.9959814e-05
0 0.9999794 2.0645384e-05
0 0.9999784 2.156673e-05
0 0.99998045 1.959569e-05
0 0.9999796 2.04188e-05
0 0.9999777 2.2303922e-05
0 0.99997926 2.076306e-05
0 0.9999738 2.6245874e-05
0 0.99996495 3.500666e-05
1 9.1032845e-05 0.9999089
1 0.0067636524 0.99323636
1 0.00013957603 0.9998604
1 7.0557275e-05 0.9999294
1 8.311655e-05 0.9999169
0 0.99989367 0.00010627735
0 0.9999409 5.908553e-05
0 0.9999728 2.7123024e-05
0 0.9999409 5.9065245e-05
0 0.99995613 4.3833283e-05
0 0.9999796 2.033326e-05
0 0.9999757 2.4285599e-05
0 0.8680758 0.13192424
1 0.079075456 0.92092454
1 0.22507839 0.77492166
1 0.13586879 0.8641312
1 0.0003874283 0.9996126
0 0.9998505 0.00014947167
0 0.9998779 0.00012211123
0 0.9999486 5.1423925e-05
0 0.99970067 0.00029935536
0 0.9999745 2.5453244e-05
0 0.9999205 7.950429e-05
0 0.99996495 3.5098252e-05
0 0.9999224 7.7549565e-05
0 0.99992096 7.905651e-05
0 0.99995553 4.441543e-05
0 0.99997437 2.5586072e-05
0 0.99997723 2.2786086e-05
0 0.99997365 2.6377584e-05
0 0.9999732 2.6814942e-05
0 0.999979 2.0979494e-05
1 0.0019428263 0.9980572
1 0.0024666982 0.9975333
1 0.00011659959 0.9998834
1 0.00015031981 0.9998497
0 0.8795366 0.12046336
0 0.9114088 0.08859128
0 0.87732023 0.12267975
1 0.0007451388 0.9992549
0 0.9961857 0.003814251
0 0.9794292 0.020570852
0 0.9127103 0.087289676
0 0.6030566 0.39694336
0 0.872018 0.127982
0 0.9773515 0.02264845
0 0.9956904 0.0043095737
0 0.9836489 0.016351132
