1 1.4651896e-05 0.99998534
1 1.9864485e-05 0.9999801
1 1.4447763e-05 0.9999856
1 1.752377e-05 0.9999825
1 1.4034782e-05 0.99998593
0 0.9999913 8.673168e-06
0 0.9999908 9.164156e-06
0 0.9999914 8.617352e-06
0 0.9999893 1.073822e-05
0 0.9999902 9.780441e-06
1 9.252483e-05 0.9999075
0 0.549877 0.45012298
1 1.553062e-05 0.9999845
1 1.6020918e-05 0.999984
1 2.080385e-05 0.99997914
0 0.9669495 0.033050496
0 0.549877 0.45012298
0 0.99958366 0.0004163829
0 0.99991846 8.14772e-05
0 0.9999832 1.6830918e-05
0 0.99997985 2.0127582e-05
0 0.99998975 1.0260166e-05
0 0.9999331 6.691769e-05
0 0.9999819 1.8135197e-05
1 0.021030603 0.97896945
1 0.00010674098 0.9998932
1 0.0043699415 0.99563
1 2.8549019e-05 0.9999715
1 0.034435496 0.9655645
0 0.9411376 0.058862347
0 0.97531396 0.024686
0 0.99998426 1.5765489e-05
0 0.9999852 1.4833671e-05
0 0.9999871 1.2868178e-05
0 0.9999819 1.8169352e-05
0 0.99999034 9.667419e-06
0 0.99984384 0.00015616363
0 0.99998534 1.4634691e-05
0 0.9999608 3.9222934e-05
0 0.99973303 0.00026701146
0 0.9994042 0.00059578795
0 0.99999106 8.899123e-06
0 0.9999913 8.698698e-06
0 0.99999154 8.518924e-06
0 0.9999914 8.6305445e-06
0 0.99999154 8.491046e-06
1 8.011153e-05 0.9999199
0 0.5491247 0.45087525
1 6.155955e-05 0.9999385
1 1.361869e-05 0.9999864
1 2.8983957e-05 0.99997103
0 0.99999 1.0005712e-05
0 0.9999857 1.4248427e-05
0 0.9999908 9.186417e-06
0 0.9999887 1.1341144e-05
0 0.9999902 9.759924e-06
0 0.99999154 8.521946e-06
0 0.99999154 8.519704e-06
0 0.9999901 9.920524e-06
0 0.9999889 1.1030104e-05
0 0.99998665 1.3374415e-05
0 0.5491247 0.45087525
0 0.99998367 1.6314401e-05
0 0.9999802 1.9817862e-05
0 0.99999106 8.928126e-06
0 0.9999912 8.848313e-06
0 0.99999106 8.911461e-06
0 0.9999913 8.717467e-06
0 0.9999912 8.769112e-06
0 0.9999913 8.761541e-06
0 0.9999913 8.722673e-06
0 0.99998534 1.4671807e-05
0 0.99997866 2.1305721e-05
0 0.99999046 9.529456e-06
0 0.9999908 9.13084e-06
1 4.1152274e-05 0.9999589
1 1.962198e-05 0.99998033
1 2.440221e-05 0.99997556
1 2.4000497e-05 0.99997604
1 7.310941e-05 0.9999269
0 0.99998987 1.01693195e-05
0 0.9999881 1.1905398e-05
0 0.9999912 8.8319075e-06
0 0.99999106 8.972991e-06
0 0.99999094 9.083455e-06
0 0.9999907 9.282407e-06
0 0.99999094 9.001977e-06
0 0.9999758 2.4159683e-05
0 0.99998796 1.2035308e-05
0 0.9999813 1.8700888e-05
0 0.9999888 1.11828795e-05
0 0.9991636 0.00083639554
0 0.9999914 8.611084e-06
0 0.9999912 8.78743e-06
0 0.99999106 8.959959e-06
0 0.9999912 8.829532e-06
0 0.9999912 8.8656625e-06
1 1.6903125e-05 0.9999831
0 0.6697232 0.33027682
1 1.4255944e-05 0.9999857
1 2.0068532e-05 0.99998
1 1.3956488e-05 0.99998605
0 0.9999765 2.3526534e-05
0 0.6697232 0.33027682
0 0.99998915 1.087672e-05
0 0.9999887 1.1331111e-05
0 0.99997914 2.087761e-05
0 0.9999865 1.3520251e-05
0 0.9999795 2.0516944e-05
0 0.99996805 3.1957967e-05
0 0.6697232 0.33027682
0 0.99998903 1.100132e-05
0 0.9999908 9.190429e-06
0 0.9999913 8.720576e-06
1 4.3314827e-05 0.9999567
1 0.0002684662 0.9997315
1 0.004913079 0.99508697
0 0.99997354 2.642207e-05
1 0.00012475587 0.9998752
1 3.2959284e-05 0.9999671
0 0.9999076 9.239681e-05
0 0.99728763 0.002712393
1 0.008336148 0.9916638
0 0.99819356 0.0018063997
0 0.99993145 6.849461e-05
0 0.9999738 2.6219208e-05
1 1.5082401e-05 0.99998486
0 0.67403877 0.32596123
1 1.3694122e-05 0.9999863
1 1.633263e-05 0.99998367
1 1.26694995e-05 0.99998736
0 0.99998116 1.8869949e-05
0 0.67403877 0.32596123
0 0.9999901 9.853747e-06
0 0.9999901 9.835383e-06
0 0.9999827 1.7266084e-05
0 0.9999846 1.5359496e-05
0 0.99998593 1.410995e-05
0 0.99998224 1.7731938e-05
0 0.67403877 0.32596123
0 0.9999912 8.829221e-06
0 0.99999094 9.058714e-06
0 0.9999912 8.7697645e-06
1 0.00036149044 0.99963856
1 3.0367586e-05 0.9999696
1 9.490087e-05 0.9999051
1 1.6315256e-05 0.99998367
1 1.552119e-05 0.9999845
0 0.9999907 9.30476e-06
0 0.9999881 1.18768885e-05
0 0.9998785 0.00012147017
0 0.99995244 4.757582e-05
0 0.99999 9.990877e-06
0 0.9999914 8.598258e-06
0 0.9999901 9.9273375e-06
0 0.99999154 8.47169e-06
0 0.99999154 8.451202e-06
0 0.99999046 9.577471e-06
0 0.9999908 9.139325e-06
0 0.7471533 0.25284675
0 0.99973077 0.00026920106
0 0.9999877 1.2239416e-05
0 0.9998211 0.00017887373
0 0.99984205 0.00015796255
0 0.99973685 0.00026314723
0 0.99599576 0.0040041953
1 0.00018237269 0.99981767
1 0.00033551228 0.99966455
1 2.7970502e-05 0.999972
1 0.00013035808 0.9998696
1 0.00034328166 0.9996567
1 3.040088e-05 0.9999696
1 2.1620152e-05 0.9999784
1 1.9370482e-05 0.9999807
1 2.0451967e-05 0.9999795
0 0.99999046 9.48436e-06
0 0.9999913 8.68151e-06
0 0.99999046 9.508422e-06
0 0.9999901 9.8700175e-06
0 0.99999106 8.972546e-06
0 0.9999914 8.567759e-06
0 0.9999913 8.6724895e-06
0 0.9999912 8.789609e-06
0 0.9999914 8.632487e-06
0 0.99999106 8.931157e-06
1 1.2723271e-05 0.99998724
1 1.2574935e-05 0.9999875
1 1.3053504e-05 0.9999869
1 1.28071715e-05 0.99998724
1 1.1796855e-05 0.9999882
1 1.292961e-05 0.9999871
0 0.9999906 9.362536e-06
0 0.99998903 1.0917393e-05
0 0.99998915 1.08683835e-05
0 0.9999896 1.0321641e-05
0 0.99998903 1.1017195e-05
0 0.9999893 1.0761472e-05
0 0.9999889 1.1032756e-05
1 2.7363236e-05 0.9999726
1 4.3348708e-05 0.9999566
1 2.3121918e-05 0.9999769
1 1.5043187e-05 0.999985
1 1.5321284e-05 0.9999846
0 0.9999671 3.2882646e-05
0 0.99998343 1.6539117e-05
0 0.99996936 3.0605024e-05
0 0.9999249 7.5141725e-05
0 0.99984384 0.00015614709
1 0.19763048 0.80236953
1 0.0075604278 0.9924395
1 0.001573051 0.99842703
1 0.0026821948 0.99731785
1 0.00029718876 0.99970275
0 0.99998486 1.5193447e-05
0 0.9999614 3.85991e-05
0 0.9984188 0.0015811733
0 0.999764 0.00023602598
0 0.9999715 2.8525475e-05
0 0.99998856 1.140483e-05
0 0.99988604 0.00011394851
0 0.9999914 8.5414895e-06
0 0.99999154 8.424343e-06
0 0.999987 1.2958235e-05
0 0.99997413 2.5826268e-05
1 0.3755149 0.6244851
0 0.9998332 0.00016678996
0 0.9999678 3.21668e-05
1 1.7608569e-05 0.99998236
1 5.8453534e-05 0.9999416
1 2.345033e-05 0.9999765
1 2.7457916e-05 0.9999726
1 1.6668897e-05 0.9999833
0 0.9999907 9.238646e-06
0 0.99998784 1.2106887e-05
0 0.9999889 1.1041797e-05
0 0.9999871 1.2834375e-05
0 0.9999896 1.0334021e-05
0 0.9979539 0.0020460996
1 0.03138217 0.9686178
0 0.9988422 0.0011578492
0 0.5316013 0.46839872
0 0.9996333 0.00036668358
0 0.92337686 0.07662317
0 0.9926906 0.007309415
0 0.9935545 0.0064455494
0 0.9945833 0.0054167304
0 0.9866237 0.013376308
1 1.4600943e-05 0.99998546
1 1.5117436e-05 0.99998486
1 1.4365602e-05 0.9999856
1 1.5824851e-05 0.99998415
1 1.4600038e-05 0.99998546
0 0.9999912 8.856451e-06
0 0.99998903 1.1013582e-05
0 0.9999913 8.735717e-06
0 0.9999913 8.697827e-06
0 0.9999912 8.773011e-06
0 0.99998915 1.0876574e-05
0 0.9999778 2.2226888e-05
0 0.9999002 9.97949e-05
0 0.9999503 4.9760976e-05
1 2.1824882e-05 0.9999782
1 4.047401e-05 0.99995947
1 2.3969616e-05 0.99997604
0 0.99999 9.9711915e-06
0 0.99999034 9.713154e-06
0 0.99999154 8.486926e-06
0 0.99999154 8.507947e-06
0 0.9999914 8.547829e-06
0 0.99999154 8.509375e-06
0 0.9999057 9.4235715e-05
0 0.999987 1.2988956e-05
0 0.99997354 2.649398e-05
0 0.9999913 8.722706e-06
0 0.9999888 1.1231724e-05
0 0.99999154 8.4927715e-06
0 0.99999106 8.974352e-06
0 0.9998976 0.000102343765
0 0.99999106 8.903808e-06
0 0.9999883 1.1683852e-05
0 0.99999106 8.888512e-06
0 0.99999154 8.43752e-06
0 0.9999914 8.604853e-06
0 0.9999913 8.652555e-06
0 0.9999906 9.384724e-06
0 0.9999914 8.554818e-06
0 0.99998975 1.02736785e-05
0 0.9999914 8.633978e-06
0 0.9999913 8.728946e-06
0 0.9999912 8.845453e-06
0 0.9999914 8.625451e-06
0 0.9999908 9.198751e-06
1 1.45881795e-05 0.99998546
1 1.8377074e-05 0.99998164
1 1.4986453e-05 0.999985
0 0.99999106 8.954611e-06
0 0.99999094 9.001101e-06
0 0.99999154 8.482095e-06
0 0.9999914 8.590119e-06
0 0.9999912 8.7779235e-06
0 0.9999914 8.637683e-06
0 0.9999889 1.1026844e-05
0 0.99999 1.0005445e-05
0 0.9999678 3.221236e-05
0 0.9999912 8.837316e-06
0 0.99999094 9.09082e-06
0 0.9999913 8.704407e-06
0 0.9999914 8.539371e-06
0 0.99998796 1.2004907e-05
0 0.9999914 8.61649e-06
0 0.9999912 8.841717e-06
0 0.9999907 9.3071385e-06
0 0.9999913 8.679225e-06
0 0.9999908 9.202849e-06
0 0.99999106 8.956081e-06
0 0.9999902 9.737685e-06
0 0.9999914 8.606643e-06
0 0.99999154 8.483414e-06
0 0.9999914 8.5350075e-06
0 0.99999106 8.9029745e-06
0 0.9999908 9.192648e-06
0 0.9999912 8.829583e-06
0 0.9999906 9.367681e-06
1 0.00010144229 0.99989855
1 0.00029374086 0.9997062
1 4.9112747e-05 0.9999509
1 0.00012597027 0.999874
1 2.9575252e-05 0.99997044
0 0.99998915 1.089173e-05
0 0.99989414 0.00010582924
0 0.9999802 1.9803241e-05
0 0.99989414 0.00010582924
0 0.9999733 2.6645983e-05
0 0.9999614 3.860757e-05
0 0.999961 3.8936938e-05
0 0.9999784 2.1621305e-05
0 0.99998975 1.0239308e-05
0 0.9999889 1.1075576e-05
0 0.99999046 9.57275e-06
0 0.9999893 1.0704847e-05
0 0.9999912 8.769112e-06
0 0.9999914 8.530061e-06
0 0.99998975 1.0243498e-05
0 0.999982 1.8054592e-05
1 0.00090083195 0.99909914
1 6.195594e-05 0.999938
1 3.4267938e-05 0.9999658
1 2.7194925e-05 0.9999728
0 0.9999765 2.347492e-05
0 0.99997544 2.4607087e-05
0 0.9999025 9.7519274e-05
0 0.9999851 1.48446225e-05
0 0.99996567 3.4370245e-05
0 0.9999912 8.80686e-06
0 0.9999907 9.270154e-06
0 0.9999908 9.130788e-06
0 0.9999907 9.322942e-06
0 0.99998796 1.2032738e-05
1 1.3323099e-05 0.99998665
1 1.2488908e-05 0.9999875
1 1.3649582e-05 0.9999863
1 1.3077875e-05 0.9999869
1 1.2200121e-05 0.99998784
1 1.32850755e-05 0.99998677
0 0.99999034 9.705709e-06
0 0.99998903 1.0991672e-05
0 0.9999893 1.0687566e-05
0 0.99998975 1.0192319e-05
0 0.9999894 1.0627936e-05
0 0.9999894 1.0609171e-05
0 0.9999894 1.0638056e-05
1 6.3008716e-05 0.99993694
1 0.00046882412 0.99953115
1 0.0024776831 0.9975223
1 0.0516032 0.94839686
1 0.0007249584 0.999275
0 0.9999392 6.0785333e-05
0 0.9999634 3.656791e-05
0 0.99933404 0.0006658914
0 0.99986815 0.00013179066
0 0.9995096 0.0004903948
0 0.9999882 1.1853784e-05
0 0.9999908 9.153378e-06
0 0.99998546 1.4525543e-05
0 0.9999875 1.2465087e-05
0 0.99999046 9.483184e-06
0 0.9999882 1.1790624e-05
0 0.9999908 9.123868e-06
0 0.99998724 1.2760211e-05
0 0.9999846 1.5383892e-05
0 0.99998057 1.947833e-05
0 0.99998164 1.8310104e-05
0 0.9999862 1.3804999e-05
0 0.9999906 9.441584e-06
0 0.9999347 6.5296736e-05
1 0.08577013 0.9142299
1 0.0002509223 0.9997491
1 0.17473617 0.82526386
1 0.333993 0.66600704
1 0.108471826 0.8915282
0 0.9999883 1.1719058e-05
0 0.9999912 8.856384e-06
0 0.99999154 8.493712e-06
0 0.9999902 9.827292e-06
0 0.9999912 8.8094475e-06
0 0.9999914 8.530117e-06
0 0.9999913 8.646047e-06
0 0.99999154 8.40461e-06
0 0.99999154 8.474018e-06
0 0.9999914 8.564288e-06
0 0.9999912 8.769247e-06
0 0.99999 1.002844e-05
0 0.9999914 8.538598e-06
0 0.9999906 9.4727e-06
0 0.9999889 1.1095738e-05
0 0.9999895 1.0482232e-05
0 0.9999846 1.5345237e-05
0 0.99998 2.005793e-05
0 0.99998486 1.5122872e-05
0 0.99999046 9.568761e-06
0 0.9999914 8.56624e-06
0 0.9999263 7.370519e-05
0 0.9999863 1.3681434e-05
0 0.99998736 1.2643308e-05
0 0.9999895 1.0440968e-05
0 0.99999034 9.685597e-06
0 0.9996284 0.00037160804
0 0.99937505 0.0006249636
0 0.99996173 3.8220147e-05
0 0.9999629 3.711571e-05
0 0.9999883 1.1661865e-05
0 0.9998901 0.0001098423
0 0.9999881 1.1882463e-05
0 0.99998915 1.081464e-05
0 0.99999154 8.436506e-06
0 0.9999912 8.800362e-06
0 0.9999398 6.0168823e-05
0 0.99982053 0.00017947234
0 0.9999913 8.680433e-06
0 0.9999914 8.596324e-06
0 0.99999154 8.485841e-06
0 0.9999914 8.561707e-06
0 0.9999913 8.743277e-06
0 0.9999914 8.596324e-06
1 0.0013994704 0.99860054
1 0.034647662 0.96535236
1 0.00067029044 0.9993297
1 0.40282273 0.59717727
0 0.6429059 0.35709408
0 0.9999007 9.930991e-05
0 0.9992994 0.00070056226
1 0.0013521964 0.99864787
1 8.2462706e-05 0.9999175
1 8.444063e-05 0.9999156
1 0.0005062876 0.9994937
1 0.006392087 0.9936079
0 0.9999914 8.5516285e-06
0 0.9999914 8.548196e-06
0 0.99999154 8.463954e-06
0 0.99999154 8.498297e-06
0 0.9999914 8.534812e-06
0 0.9999914 8.610978e-06
0 0.9999913 8.697073e-06
0 0.9999914 8.576261e-06
0 0.9999914 8.632701e-06
0 0.9999913 8.697769e-06
0 0.99995935 4.0597824e-05
0 0.9968569 0.0031430572
0 0.9999324 6.753471e-05
0 0.9999335 6.649244e-05
0 0.99987054 0.00012946481
0 0.99998593 1.4040538e-05
0 0.9999745 2.5549063e-05
0 0.99998546 1.4576886e-05
0 0.999987 1.29396985e-05
0 0.999977 2.3040016e-05
0 0.99826354 0.001736468
0 0.9999515 4.8538837e-05
0 0.9999913 8.7259095e-06
0 0.9999914 8.530629e-06
0 0.99790585 0.002094139
0 0.99914575 0.00085424265
0 0.9999914 8.638053e-06
0 0.9999895 1.0470403e-05
1 3.305841e-05 0.999967
1 0.00010997677 0.99988997
1 1.5063341e-05 0.999985
1 2.691093e-05 0.99997306
1 2.2354303e-05 0.9999776
0 0.999985 1.4962547e-05
0 0.9999865 1.3427424e-05
0 0.9999876 1.2375518e-05
0 0.99995863 4.1343555e-05
0 0.99992406 7.596943e-05
1 1.5339763e-05 0.9999846
1 1.4218701e-05 0.9999858
1 2.1095717e-05 0.9999789
1 1.8103177e-05 0.9999819
1 1.37086245e-05 0.9999863
0 0.99999094 9.116971e-06
0 0.9999902 9.7877e-06
0 0.9999908 9.120875e-06
0 0.99999106 8.8929455e-06
0 0.99999106 8.951247e-06
0 0.9999912 8.801713e-06
0 0.9999908 9.122624e-06
0 0.9999913 8.720003e-06
0 0.9999628 3.715282e-05
0 0.9996107 0.0003892985
0 0.99998367 1.6278856e-05
0 0.9999385 6.152082e-05
1 0.00013542184 0.9998646
1 0.0027773597 0.99722266
1 0.002736622 0.99726343
0 0.77717346 0.22282661
1 0.005912195 0.9940878
0 0.9844268 0.015573168
0 0.99671656 0.0032834357
0 0.99922144 0.00077852065
0 0.9999182 8.171936e-05
0 0.999974 2.6010657e-05
0 0.99999094 9.055284e-06
0 0.9999907 9.3511235e-06
0 0.9999912 8.827562e-06
0 0.99999094 9.045496e-06
0 0.9999913 8.745144e-06
0 0.9999908 9.173407e-06
0 0.99998367 1.6298787e-05
0 0.9999881 1.1905091e-05
0 0.99999106 8.899886e-06
0 0.9999908 9.198523e-06
0 0.9999914 8.525458e-06
0 0.9999913 8.727531e-06
0 0.9999914 8.619457e-06
0 0.9999914 8.596832e-06
0 0.9999914 8.621669e-06
0 0.9999906 9.445673e-06
0 0.99999046 9.50243e-06
0 0.99999106 8.975859e-06
0 0.99999106 8.982084e-06
0 0.99999094 9.098818e-06
0 0.9999912 8.782621e-06
0 0.9999906 9.368118e-06
0 0.9999908 9.176618e-06
0 0.9999908 9.199769e-06
0 0.99999106 8.931072e-06
0 0.9999901 9.842289e-06
1 1.5055815e-05 0.999985
1 1.4121782e-05 0.99998593
0 0.5567572 0.4432428
1 1.2536856e-05 0.9999875
1 1.23974305e-05 0.9999876
1 1.280435e-05 0.99998724
0 0.99998164 1.8407889e-05
0 0.5567572 0.4432428
0 0.9999907 9.319404e-06
0 0.9999883 1.1708949e-05
0 0.99999034 9.702313e-06
0 0.99998605 1.3905737e-05
1 2.3655446e-05 0.9999764
1 3.273684e-05 0.9999672
1 2.3304128e-05 0.99997675
1 2.9321547e-05 0.9999707
1 2.923388e-05 0.9999708
0 0.9999907 9.32344e-06
0 0.99998033 1.9709885e-05
0 0.9999908 9.166839e-06
0 0.9999434 5.6604065e-05
0 0.99997807 2.192002e-05
1 0.03678922 0.9632107
1 0.13874447 0.8612555
1 6.5101885e-05 0.9999349
1 0.000608186 0.9993918
0 0.9558931 0.044106882
0 0.99995077 4.9208476e-05
0 0.9999583 4.170426e-05
0 0.9999838 1.6169575e-05
0 0.9999796 2.0345984e-05
0 0.99985886 0.00014111002
0 0.9990374 0.00096260733
0 0.99990165 9.832867e-05
0 0.99998057 1.9427369e-05
0 0.9999883 1.1687563e-05
0 0.9999529 4.7050456e-05
0 0.9999845 1.548039e-05
0 0.9931184 0.0068815704
1 0.010803502 0.98919654
1 0.00041995582 0.9995801
1 2.9244697e-05 0.9999708
0 0.99998033 1.966291e-05
0 0.9999776 2.240467e-05
0 0.9999908 9.204245e-06
0 0.9999896 1.0418053e-05
0 0.9999876 1.2338115e-05
0 0.9999895 1.0547996e-05
0 0.9999883 1.1713228e-05
0 0.9999914 8.535251e-06
1 1.1818092e-05 0.9999882
1 1.3040901e-05 0.999987
1 1.2106021e-05 0.99998784
1 1.2215337e-05 0.99998784
1 1.2965194e-05 0.999987
0 0.99999046 9.53895e-06
0 0.9999906 9.3824065e-06
0 0.9999907 9.258774e-06
0 0.99999034 9.63775e-06
0 0.9999902 9.737944e-06
0 0.9999901 9.914574e-06
0 0.99999094 9.059336e-06
0 0.99999094 9.035952e-06
0 0.99999046 9.535665e-06
1 0.011877871 0.98812205
0 0.7155615 0.28443846
0 0.8056176 0.19438241
0 0.7558819 0.24411808
1 0.10902701 0.89097303
1 0.039852843 0.96014714
1 0.0037253527 0.9962747
1 0.00013077741 0.9998692
1 0.0027254154 0.9972746
0 0.9999399 6.007778e-05
0 0.99996114 3.8838883e-05
0 0.9999392 6.076806e-05
0 0.99998045 1.9585117e-05
0 0.99997866 2.1342816e-05
0 0.99952936 0.00047059983
0 0.99991536 8.46312e-05
0 0.99994504 5.4937187e-05
0 0.9996147 0.00038522796
0 0.9999881 1.1914962e-05
0 0.9999895 1.0437384e-05
0 0.9999453 5.4722183e-05
0 0.99999034 9.617486e-06
0 0.9999838 1.6171396e-05
0 0.99999154 8.50128e-06
0 0.9999913 8.667198e-06
0 0.9999914 8.609467e-06
0 0.9999913 8.759484e-06
0 0.9999912 8.790976e-06
0 0.999979 2.099845e-05
0 0.7155615 0.28443846
0 0.9999677 3.234747e-05
0 0.99997926 2.0751539e-05
0 0.9999888 1.1253467e-05
0 0.9999858 1.4193868e-05
0 0.99997973 2.0223304e-05
0 0.99999 1.0070263e-05
0 0.99999106 8.9527075e-06
0 0.99999106 8.885723e-06
0 0.99999154 8.417268e-06
0 0.9999913 8.757881e-06
0 0.99999094 9.043539e-06
0 0.99998844 1.16097335e-05
0 0.9999895 1.0437384e-05
1 0.16055837 0.8394416
1 0.20544726 0.79455274
0 0.99995553 4.4465527e-05
0 0.9999857 1.4253429e-05
0 0.9984723 0.0015276588
0 0.99983895 0.00016105303
0 0.9999914 8.525758e-06
0 0.99999094 9.014692e-06
0 0.9999913 8.651928e-06
0 0.9999912 8.854509e-06
0 0.9999914 8.532761e-06
0 0.9999815 1.8533112e-05
0 0.9999819 1.8072473e-05
0 0.9999852 1.475628e-05
0 0.999974 2.5949977e-05
0 0.99998033 1.9644038e-05
0 0.9999114 8.861089e-05
0 0.9995715 0.00042844767
0 0.9997427 0.00025728103
0 0.99998903 1.0950449e-05
0 0.99997556 2.444001e-05
0 0.9999832 1.6808286e-05
0 0.9999912 8.822706e-06
0 0.99997795 2.2003058e-05
0 0.9999908 9.2234e-06
0 0.9999076 9.239126e-05
0 0.99998534 1.46498005e-05
0 0.9999893 1.0770579e-05
0 0.9999902 9.784192e-06
0 0.9999862 1.3822217e-05
0 0.9999906 9.417412e-06
0 0.99998987 1.012213e-05
0 0.9999914 8.581563e-06
0 0.9999912 8.825997e-06
0 0.9999912 8.7699655e-06
1 8.800174e-05 0.999912
1 0.00046142377 0.99953866
1 0.0005827767 0.9994172
1 6.7157926e-05 0.9999329
1 2.098606e-05 0.999979
0 0.99987483 0.00012521353
0 0.99958724 0.00041281563
1 3.552375e-05 0.9999645
1 3.357149e-05 0.9999664
1 2.7404943e-05 0.9999726
1 6.1752806e-05 0.99993825
1 3.713245e-05 0.9999628
0 0.9999913 8.754007e-06
0 0.9999913 8.666496e-06
0 0.9999913 8.6675955e-06
0 0.99999094 9.003351e-06
0 0.9999912 8.834552e-06
0 0.9999914 8.604132e-06
0 0.9999896 1.0317566e-05
0 0.99999094 9.029311e-06
0 0.9999913 8.6571035e-06
0 0.99999094 9.037744e-06
0 0.9999908 9.235881e-06
0 0.99998784 1.22036345e-05
0 0.9999907 9.2558785e-06
0 0.9999896 1.04162245e-05
0 0.99998975 1.0221608e-05
0 0.9999906 9.376815e-06
0 0.99999034 9.620256e-06
0 0.99999034 9.690864e-06
0 0.9999907 9.318231e-06
0 0.9999906 9.465711e-06
0 0.9999912 8.812204e-06
0 0.99999106 8.9954565e-06
0 0.9999912 8.780678e-06
0 0.99999094 9.08472e-06
0 0.9999912 8.875484e-06
0 0.99998987 1.0138611e-05
0 0.9999901 9.846552e-06
0 0.9999862 1.3842916e-05
0 0.99999046 9.589206e-06
0 0.9999906 9.423863e-06
0 0.9999654 3.4513017e-05
0 0.9996693 0.000330657
0 0.9999893 1.073867e-05
0 0.9999559 4.4113618e-05
0 0.99999094 9.075004e-06
0 0.9999906 9.391483e-06
1 6.695405e-05 0.999933
1 0.00016579342 0.9998342
1 0.00027981188 0.99972016
1 8.601566e-05 0.99991393
1 3.3790675e-05 0.99996626
0 0.9999912 8.860904e-06
0 0.9999914 8.55441e-06
0 0.9999913 8.653686e-06
0 0.99999154 8.48423e-06
0 0.99999154 8.499391e-06
0 0.9999635 3.642945e-05
0 0.9997501 0.00024995572
0 0.9999869 1.3120651e-05
0 0.9999813 1.8760906e-05
0 0.99989235 0.000107651766
0 0.9999912 8.849562e-06
0 0.9999914 8.559592e-06
0 0.9999895 1.04620185e-05
0 0.99999106 8.893963e-06
0 0.9999914 8.547315e-06
0 0.99999106 8.96413e-06
0 0.9999912 8.766119e-06
0 0.9999913 8.646854e-06
0 0.9999709 2.9035496e-05
0 0.9999913 8.647317e-06
0 0.9999914 8.552746e-06
0 0.99999154 8.516682e-06
0 0.99999 1.0005522e-05
0 0.99998987 1.0131758e-05
0 0.9999914 8.563266e-06
0 0.9999914 8.613507e-06
0 0.99999154 8.4893545e-06
1 1.1570715e-05 0.99998844
1 1.1655061e-05 0.9999883
1 1.1613056e-05 0.99998844
1 1.1663267e-05 0.9999883
1 1.1564208e-05 0.99998844
0 0.91747993 0.08252005
0 0.53873515 0.4612649
0 0.5539924 0.44600758
0 0.8216682 0.17833176
1 0.024058076 0.9759419
1 0.2879506 0.71204937
0 0.5419803 0.45801964
1 0.35954428 0.6404557
0 0.9990326 0.0009673476
0 0.84303176 0.15696818
0 0.9860774 0.0139226
0 0.9996853 0.00031471028
0 0.9859687 0.01403128
0 0.9671372 0.03286273
0 0.8285673 0.17143269
1 0.33594418 0.6640558
0 0.99870265 0.0012973073
0 0.97885907 0.021140896
0 0.53873515 0.4612649
0 0.9987061 0.0012938416
1 0.00021760624 0.9997824
1 0.0012278494 0.9987721
1 0.31353828 0.6864617
0 0.9998834 0.000116562675
0 0.9999713 2.8777751e-05
0 0.999984 1.5928748e-05
0 0.9999844 1.5594409e-05
0 0.9999887 1.1299363e-05
1 0.00010420727 0.9998958
1 2.9351204e-05 0.9999707
1 2.1854354e-05 0.9999782
1 9.172523e-05 0.9999082
1 0.00031190435 0.99968815
0 0.99995255 4.741557e-05
0 0.99972266 0.00027734737
0 0.9999789 2.1132284e-05
0 0.9999784 2.1559163e-05
0 0.99998057 1.939749e-05
0 0.99946386 0.0005361422
0 0.99350375 0.006496229
0 0.99998546 1.4572356e-05
0 0.9999572 4.2740132e-05
0 0.9999893 1.0774246e-05
1 4.015147e-05 0.9999598
1 3.113349e-05 0.9999689
1 4.0473467e-05 0.99995947
1 4.6194084e-05 0.99995375
1 0.00010370785 0.9998963
0 0.9999759 2.405423e-05
0 0.9999865 1.3497949e-05
0 0.9999906 9.451115e-06
0 0.9999912 8.857989e-06
0 0.9999856 1.445821e-05
0 0.9999908 9.210478e-06
0 0.99999106 8.973025e-06
0 0.9999901 9.861249e-06
0 0.9999901 9.924195e-06
0 0.99999034 9.635663e-06
0 0.99998176 1.8240878e-05
0 0.9999771 2.2930546e-05
0 0.9999827 1.7271781e-05
0 0.99993646 6.353631e-05
0 0.99998164 1.8382854e-05
0 0.9999902 9.8255305e-06
0 0.9999913 8.657475e-06
0 0.9999907 9.329444e-06
0 0.99999154 8.492999e-06
0 0.9999801 1.9894762e-05
0 0.9999914 8.639569e-06
0 0.9999912 8.83355e-06
0 0.99999154 8.4940675e-06
0 0.99998784 1.2186178e-05
0 0.9999863 1.3665172e-05
0 0.99999046 9.538768e-06
0 0.99866414 0.0013358499
0 0.9999902 9.827133e-06
0 0.9999893 1.0738917e-05
0 0.99999154 8.50845e-06
0 0.9999914 8.639569e-06
0 0.9999914 8.593111e-06
0 0.9999914 8.593176e-06
0 0.99999094 9.09533e-06
0 0.9999914 8.533591e-06
0 0.9999913 8.706301e-06
0 0.99968636 0.00031366816
0 0.9999341 6.592541e-05
0 0.9999628 3.7175323e-05
0 0.99916184 0.00083812507
0 0.99992645 7.353894e-05
1 0.002228239 0.9977717
1 0.0019098576 0.9980901
1 0.000714872 0.99928516
1 0.0006403881 0.99935967
1 0.0013172288 0.9986828
0 0.99629164 0.0037083908
0 0.99950755 0.0004924353
0 0.99945074 0.0005492326
0 0.9998323 0.00016766568
0 0.99964523 0.00035474377
0 0.9997515 0.00024850125
0 0.99982077 0.00017920541
0 0.9999871 1.2901527e-05
0 0.9999641 3.5830908e-05
0 0.99998474 1.5314465e-05
0 0.99997485 2.5122526e-05
0 0.9999864 1.3611705e-05
0 0.99995446 4.5514735e-05
0 0.9999813 1.8682456e-05
1 2.2061515e-05 0.99997795
1 1.5107507e-05 0.99998486
1 1.21167395e-05 0.99998784
1 1.1711887e-05 0.9999883
1 1.2941624e-05 0.999987
0 0.99998975 1.0252068e-05
0 0.9999902 9.727985e-06
0 0.99999154 8.459443e-06
0 0.9999913 8.72814e-06
0 0.9999902 9.728291e-06
0 0.9999907 9.25549e-06
0 0.99998677 1.3269791e-05
0 0.9999914 8.574495e-06
0 0.99999106 8.897714e-06
0 0.9999894 1.0614251e-05
0 0.99998045 1.9549996e-05
0 0.9999871 1.2833971e-05
0 0.99997866 2.1321208e-05
1 4.330281e-05 0.9999567
1 0.0005484118 0.9994516
1 3.8567683e-05 0.9999614
0 0.9998683 0.00013175937
0 0.9998374 0.00016253465
0 0.9995022 0.00049777044
0 0.9996196 0.00038040895
1 0.0032554998 0.9967445
0 0.9997969 0.00020313333
0 0.98433834 0.015661618
0 0.99995685 4.316086e-05
0 0.99975497 0.00024504474
0 0.9997303 0.00026974292
0 0.9999869 1.305806e-05
0 0.99998593 1.4027342e-05
0 0.9999666 3.3377466e-05
0 0.999977 2.297027e-05
0 0.99998784 1.2183331e-05
0 0.9999527 4.730474e-05
0 0.9999819 1.813217e-05
0 0.99998784 1.2152418e-05
0 0.9995316 0.0004684223
0 0.92090595 0.07909403
1 2.4075525e-05 0.9999759
1 4.164171e-05 0.9999584
0 0.98207575 0.017924258
0 0.9419766 0.058023393
0 0.9986327 0.0013672268
0 0.99827826 0.0017217449
0 0.99813557 0.0018644043
0 0.9999914 8.612916e-06
0 0.99998724 1.2771412e-05
0 0.9999901 9.843509e-06
0 0.99998796 1.2081514e-05
0 0.99999 9.984342e-06
0 0.9999914 8.593692e-06
0 0.9999902 9.824303e-06
0 0.9999895 1.0478594e-05
0 0.99999 1.00126435e-05
0 0.99998903 1.0961755e-05
0 0.9999902 9.718092e-06
1 1.582203e-05 0.99998415
1 1.5091552e-05 0.99998486
1 1.6421809e-05 0.99998355
1 1.594188e-05 0.999984
1 1.7046876e-05 0.99998295
0 0.9999845 1.5511216e-05
0 0.9999846 1.5379843e-05
0 0.9999739 2.6068168e-05
1 2.4687708e-05 0.9999753
1 2.1904389e-05 0.99997807
1 2.3596864e-05 0.9999764
1 3.1736625e-05 0.9999683
1 2.1397025e-05 0.99997866
0 0.9999901 9.838733e-06
0 0.99973184 0.00026817434
0 0.9999894 1.06055895e-05
0 0.99999106 8.965078e-06
0 0.9999863 1.3729926e-05
0 0.9999895 1.0446476e-05
0 0.9999914 8.559086e-06
0 0.9999902 9.75316e-06
0 0.99998665 1.3387955e-05
0 0.99998367 1.6278856e-05
0 0.9999894 1.0637143e-05
0 0.9999882 1.1835619e-05
0 0.99998844 1.1569072e-05
0 0.9999893 1.0723955e-05
0 0.99999106 8.9326395e-06
0 0.9999914 8.532672e-06
0 0.9999912 8.777613e-06
0 0.9999914 8.53789e-06
0 0.99999154 8.502797e-06
0 0.99999154 8.483398e-06
0 0.99999094 9.038986e-06
0 0.9999851 1.4891429e-05
0 0.99999046 9.5029645e-06
0 0.9999851 1.4891429e-05
0 0.9999913 8.671398e-06
0 0.9999889 1.1086335e-05
0 0.99998677 1.3199616e-05
0 0.9999907 9.263111e-06
0 0.999982 1.803723e-05
0 0.9999509 4.9067807e-05
0 0.9999813 1.8714802e-05
0 0.9999913 8.669306e-06
0 0.99973184 0.00026817434
0 0.9999081 9.1893504e-05
0 0.99978465 0.00021531124
0 0.9999062 9.3764495e-05
0 0.99922395 0.00077608775
0 0.999622 0.00037796635
0 0.894577 0.10542296
0 0.9641852 0.035814792
0 0.8466759 0.15332411
1 0.0222593 0.97774065
1 0.076548785 0.92345124
1 0.028636936 0.97136307
0 0.7528095 0.24719048
1 0.00075295917 0.9992471
1 0.012949734 0.9870503
1 0.013002665 0.98699737
0 0.99987507 0.00012493563
0 0.7528095 0.24719048
0 0.9998963 0.00010367739
0 0.99988914 0.00011082507
0 0.9999399 6.0118527e-05
1 1.82725e-05 0.99998176
1 1.7421842e-05 0.9999826
1 1.7006201e-05 0.99998295
1 2.066851e-05 0.9999794
1 1.7033013e-05 0.99998295
0 0.9999896 1.033686e-05
0 0.9999894 1.0622595e-05
0 0.99999046 9.491363e-06
0 0.9999908 9.152758e-06
0 0.9999908 9.143737e-06
0 0.9999901 9.841126e-06
0 0.99998796 1.2045252e-05
0 0.9999901 9.8425335e-06
0 0.99998856 1.1407865e-05
0 0.9999912 8.844036e-06
0 0.99998784 1.21674e-05
0 0.9999908 9.225776e-06
0 0.9999912 8.804509e-06
0 0.99999094 9.087882e-06
0 0.9999907 9.324312e-06
0 0.9999912 8.85586e-06
0 0.9999896 1.0362443e-05
0 0.99999094 9.053756e-06
0 0.9999908 9.161457e-06
0 0.99998915 1.0884752e-05
0 0.9999912 8.876746e-06
0 0.99998987 1.012407e-05
0 0.9999906 9.443961e-06
0 0.9999914 8.604886e-06
0 0.9999901 9.940733e-06
0 0.9999895 1.0504609e-05
0 0.9999833 1.6682765e-05
1 2.8653893e-05 0.9999714
0 0.5507005 0.44929948
1 1.290512e-05 0.9999871
1 2.553104e-05 0.9999745
1 8.27223e-05 0.99991727
0 0.99998784 1.215302e-05
0 0.9999914 8.573922e-06
0 0.9999151 8.487301e-05
0 0.9999869 1.3113019e-05
0 0.5507005 0.44929948
0 0.9999826 1.7369965e-05
0 0.99998605 1.395915e-05
0 0.9999875 1.2461522e-05
1 3.9070845e-05 0.9999609
1 3.140916e-05 0.99996865
1 3.4864468e-05 0.9999652
1 6.249838e-05 0.99993753
1 3.2325912e-05 0.9999677
0 0.9999864 1.3581155e-05
0 0.9998952 0.00010482329
0 0.9999896 1.0343625e-05
0 0.9999914 8.621323e-06
0 0.9999826 1.7413071e-05
0 0.99999034 9.611095e-06
0 0.9999914 8.558898e-06
0 0.9999877 1.22857955e-05
0 0.9999807 1.9274881e-05
0 0.99997306 2.6917756e-05
0 0.9999856 1.4462072e-05
0 0.999946 5.4004027e-05
0 0.99997973 2.0262045e-05
0 0.999984 1.5970792e-05
0 0.99998844 1.1578321e-05
0 0.9999913 8.755284e-06
0 0.9999912 8.799658e-06
0 0.9999913 8.643384e-06
0 0.9999914 8.608966e-06
0 0.99999154 8.4752055e-06
0 0.99999094 9.117006e-06
0 0.99997175 2.8244256e-05
0 0.9999889 1.1125077e-05
0 0.99997175 2.8244256e-05
0 0.9999913 8.704192e-06
0 0.99998915 1.0869524e-05
0 0.99998987 1.0163899e-05
0 0.99999094 9.095017e-06
0 0.9999056 9.435711e-05
0 0.99960023 0.0003997394
0 0.99992967 7.038739e-05
0 0.9999913 8.668653e-06
0 0.9998952 0.00010482329
0 0.9999902 9.815108e-06
0 0.9999845 1.5443362e-05
0 0.99998283 1.71604e-05
0 0.99998116 1.8847053e-05
0 0.9999093 9.066742e-05
0 0.99992585 7.414366e-05
1 0.0001249467 0.99987507
1 0.0004086011 0.9995914
1 3.940161e-05 0.99996054
1 4.7100468e-05 0.9999529
0 0.9773951 0.02260492
0 0.9285866 0.071413375
0 0.94454193 0.055458143
0 0.6785532 0.32144678
0 0.99998224 1.7789813e-05
0 0.99966 0.0003399477
0 0.9999893 1.0671392e-05
0 0.9999912 8.86426e-06
0 0.9999895 1.046611e-05
0 0.99998105 1.8957191e-05
0 0.9999883 1.1683817e-05
0 0.99999046 9.537848e-06
0 0.99998856 1.1466295e-05
0 0.99998677 1.3282554e-05
0 0.9999895 1.0537569e-05
0 0.99998784 1.2198561e-05
0 0.9999862 1.3799497e-05
0 0.9999888 1.1206686e-05
0 0.9999902 9.7388365e-06
0 0.9999893 1.07292535e-05
0 0.99999094 9.017564e-06
0 0.9999908 9.2028395e-06
0 0.99998367 1.6340107e-05
0 0.99050355 0.0094964625
0 0.9962853 0.0037146006
1 0.06082176 0.9391783
0 0.99875677 0.001243227
0 0.9961932 0.0038068588
1 0.3994423 0.6005577
0 0.94531107 0.054688923
0 0.9411368 0.058863275
0 0.82348436 0.17651567
1 0.025923055 0.97407687
0 0.9999862 1.3851313e-05
0 0.99998796 1.1995523e-05
0 0.9999893 1.07281485e-05
1 0.045859657 0.9541403
1 0.0005847207 0.9994153
1 0.00020625818 0.9997937
1 0.014924104 0.9850759
1 0.2254508 0.7745492
0 0.9999908 9.1550455e-06
0 0.9999894 1.0604608e-05
0 0.9999517 4.832196e-05
0 0.99998724 1.2802312e-05
0 0.9999881 1.189549e-05
0 0.9999833 1.6712831e-05
0 0.999974 2.5975556e-05
0 0.996579 0.0034210617
0 0.999313 0.0006870571
0 0.9982425 0.0017574957
0 0.9994912 0.00050881936
0 0.9999877 1.2332376e-05
0 0.9999912 8.8533525e-06
0 0.99998987 1.0140169e-05
0 0.9999912 8.793088e-06
0 0.9999914 8.534185e-06
0 0.99998903 1.09231005e-05
1 0.0001009906 0.999899
1 0.00020719624 0.9997929
1 0.00011532244 0.9998846
1 2.4867782e-05 0.9999751
1 0.00011059915 0.9998894
0 0.99989057 0.00010943405
0 0.99989617 0.000103843915
0 0.9999894 1.0582192e-05
0 0.9999912 8.7644385e-06
0 0.9999887 1.137392e-05
0 0.99998486 1.5174622e-05
0 0.99997795 2.199691e-05
0 0.9999485 5.1525287e-05
0 0.9998105 0.00018948458
0 0.99976546 0.00023456124
0 0.99988353 0.00011649134
1 0.0020292597 0.99797076
1 0.0071533546 0.99284667
1 4.6096393e-05 0.99995387
1 4.2958258e-05 0.9999571
0 0.9680733 0.031926654
0 0.97291696 0.027082974
0 0.9671116 0.03288844
0 0.7790835 0.22091648
1 0.00099845 0.99900156
1 0.00013412822 0.9998659
1 0.00021444606 0.9997856
1 2.5463489e-05 0.9999745
1 5.3741867e-05 0.99994624
0 0.9999014 9.855679e-05
0 0.9997218 0.00027810465
0 0.99848336 0.001516665
0 0.9999281 7.192958e-05
0 0.99974173 0.0002582422
0 0.99679345 0.003206506
0 0.9992083 0.0007918081
1 1.864924e-05 0.9999814
1 2.3875693e-05 0.99997616
1 5.2763255e-05 0.9999472
1 2.633036e-05 0.99997365
1 2.3145965e-05 0.9999769
0 0.99999094 9.008169e-06
0 0.9999906 9.469141e-06
0 0.9999913 8.756378e-06
0 0.9999912 8.813364e-06
0 0.99999106 8.902084e-06
0 0.99999106 8.972015e-06
0 0.99999046 9.485283e-06
0 0.99999094 9.008315e-06
0 0.9999914 8.577619e-06
0 0.9999641 3.5833164e-05
0 0.99998736 1.2657012e-05
0 0.99998724 1.2782537e-05
0 0.99998415 1.581975e-05
0 0.99998975 1.0207465e-05
0 0.9999908 9.121963e-06
0 0.9999906 9.383202e-06
0 0.99999094 9.032488e-06
0 0.99999106 8.922278e-06
0 0.99999094 9.044264e-06
0 0.9999869 1.3129412e-05
0 0.9999858 1.4195046e-05
0 0.9999883 1.16854e-05
0 0.99999094 9.055845e-06
0 0.99999094 9.114058e-06
1 2.0894717e-05 0.99997914
1 2.2669024e-05 0.99997735
1 2.377826e-05 0.9999763
1 2.2891938e-05 0.9999771
1 1.9012758e-05 0.99998105
0 0.99999046 9.533529e-06
0 0.9999906 9.396832e-06
0 0.9999908 9.236975e-06
0 0.9999907 9.308292e-06
0 0.9999906 9.45437e-06
0 0.9999908 9.210346e-06
0 0.99998915 1.0866249e-05
0 0.9999896 1.04094925e-05
0 0.9999894 1.0641029e-05
0 0.9999913 8.744811e-06
0 0.99998796 1.20800505e-05
0 0.9999907 9.286205e-06
0 0.99999106 8.923733e-06
0 0.99999094 9.111669e-06
0 0.9999907 9.349617e-06
0 0.9999906 9.375823e-06
0 0.99998987 1.0118047e-05
0 0.9999906 9.476224e-06
0 0.9999908 9.122989e-06
0 0.9999896 1.0423678e-05
0 0.9999912 8.779548e-06
0 0.9999902 9.732578e-06
0 0.9999907 9.311426e-06
0 0.99999154 8.517494e-06
0 0.9999894 1.0622696e-05
0 0.99999 1.0008547e-05
0 0.9999784 2.1600406e-05
0 0.9999839 1.6117801e-05
0 0.99996066 3.936326e-05
0 0.99998605 1.3931594e-05
0 0.99998593 1.4096244e-05
0 0.9999882 1.1772017e-05
1 3.2949447e-05 0.9999671
1 3.9054117e-05 0.9999609
0 0.9999907 9.302533e-06
0 0.99995077 4.9221522e-05
0 0.9999896 1.0361001e-05
0 0.9999906 9.452612e-06
0 0.99998903 1.1026057e-05
0 0.99999046 9.5103e-06
0 0.99999094 9.105796e-06
0 0.98893994 0.011060039
0 0.994292 0.00570798
0 0.9998516 0.00014844815
0 0.99981683 0.00018318117
0 0.99962556 0.00037437206
1 7.6839795e-05 0.9999231
1 0.00015454099 0.9998454
1 7.95702e-05 0.99992037
1 0.0001207454 0.99987924
1 2.2285998e-05 0.9999777
1 2.1551228e-05 0.9999784
1 3.2334636e-05 0.9999677
1 2.376647e-05 0.9999763
1 1.9463754e-05 0.99998057
0 0.9999907 9.269995e-06
0 0.9999906 9.371916e-06
0 0.99999046 9.512967e-06
0 0.9999907 9.309224e-06
0 0.99998903 1.0965518e-05
0 0.9999907 9.319786e-06
0 0.9999864 1.3579963e-05
0 0.99998975 1.0198308e-05
0 0.99998796 1.2078161e-05
0 0.9999907 9.330707e-06
0 0.9999851 1.49231455e-05
0 0.9999912 8.872006e-06
0 0.99999106 8.887155e-06
0 0.9999912 8.867557e-06
0 0.9999908 9.221676e-06
0 0.9999906 9.416891e-06
0 0.99999034 9.63661e-06
0 0.9999912 8.852889e-06
0 0.99999106 8.981921e-06
0 0.99998915 1.0833696e-05
0 0.99999106 8.938272e-06
0 0.9999894 1.0596106e-05
0 0.9999908 9.144539e-06
0 0.9999913 8.6667105e-06
0 0.99998903 1.0975354e-05
0 0.99998987 1.0074911e-05
0 0.9999808 1.9179826e-05
0 0.9529499 0.047050152
1 0.17577915 0.82422084
1 0.012392921 0.98760706
1 0.45414838 0.54585165
0 0.84208447 0.15791549
1 0.018862274 0.98113775
1 0.0066095106 0.99339056
1 3.8026803e-05 0.999962
1 2.1462913e-05 0.99997854
1 1.8111296e-05 0.9999819
1 1.3803076e-05 0.9999862
1 1.9761585e-05 0.9999802
0 0.9999912 8.82369e-06
0 0.99999106 8.9014975e-06
0 0.9999907 9.285426e-06
0 0.9999912 8.868352e-06
0 0.99998915 1.08419235e-05
1 0.0003602356 0.99963975
1 0.0032939937 0.99670607
1 0.0012965656 0.9987035
1 0.0004475169 0.9995524
1 0.00018309578 0.99981695
0 0.9999819 1.8144816e-05
0 0.8889275 0.111072496
0 0.99998987 1.00735e-05
0 0.98207563 0.017924404
0 0.8889275 0.111072496
0 0.9999865 1.3524403e-05
0 0.9999229 7.7088895e-05
0 0.9996418 0.00035815756
0 0.9999908 9.189212e-06
0 0.9999833 1.6676418e-05
0 0.9999913 8.750417e-06
0 0.9999914 8.602031e-06
0 0.9999912 8.808011e-06
0 0.9999485 5.1459483e-05
0 0.99995685 4.3120668e-05
0 0.9998424 0.00015755641
0 0.9999907 9.342772e-06
0 0.99998975 1.0265775e-05
0 0.9999882 1.1789634e-05
0 0.99999 1.0048323e-05
1 1.6346123e-05 0.99998367
1 2.7473921e-05 0.9999726
1 4.515969e-05 0.9999548
1 1.9667656e-05 0.99998033
1 2.3683027e-05 0.9999763
0 0.9933402 0.0066598374
0 0.9998654 0.0001346286
0 0.99999106 8.965669e-06
0 0.99998724 1.2778648e-05
0 0.9999627 3.7357466e-05
0 0.99993324 6.67626e-05
0 0.999964 3.596946e-05
0 0.99994385 5.6125846e-05
1 0.0035529612 0.996447
1 0.005113705 0.99488634
1 0.20175223 0.7982478
1 0.005422766 0.9945773
1 0.11255614 0.8874439
0 0.88063467 0.1193653
0 0.6629683 0.33703166
1 0.032453097 0.9675469
1 0.00028727556 0.99971265
1 5.4112646e-05 0.9999459
1 6.164784e-05 0.99993837
1 4.9041144e-05 0.999951
1 4.1113595e-05 0.9999589
0 0.99999106 8.996254e-06
0 0.9999889 1.1141705e-05
0 0.99999094 9.037072e-06
0 0.99996793 3.201907e-05
0 0.999982 1.8005261e-05
0 0.9999646 3.5416793e-05
0 0.9999881 1.1901311e-05
0 0.9999894 1.0559992e-05
0 0.99976677 0.00023329353
0 0.99986136 0.0001386159
0 0.9997422 0.00025774355
0 0.99893755 0.0010624116
0 0.9999088 9.115549e-05
0 0.9999907 9.333004e-06
0 0.9999896 1.0344503e-05
0 0.999897 0.00010301839
0 0.9996855 0.00031451532
0 0.9986333 0.0013666996
0 0.9999081 9.195802e-05
0 0.9998789 0.00012106705
0 0.88750136 0.11249866
0 0.9996809 0.00031914547
0 0.9995409 0.00045911988
0 0.9652725 0.034727447
0 0.9915624 0.008437648
0 0.9999907 9.239026e-06
0 0.9999912 8.839878e-06
0 0.9999908 9.204657e-06
0 0.99998224 1.780509e-05
0 0.9999908 9.2144055e-06
0 0.6155267 0.38447332
1 0.19075961 0.80924034
0 0.9489778 0.051022142
0 0.99986804 0.00013194028
0 0.9992805 0.0007195361
0 0.9999794 2.0609443e-05
0 0.9999913 8.68522e-06
0 0.9999913 8.708061e-06
0 0.99998343 1.655054e-05
1 0.27900156 0.72099847
1 0.15623946 0.8437605
0 0.9984523 0.0015477167
0 0.9513523 0.04864772
1 0.014702487 0.9852975
0 0.9870696 0.012930402
0 0.76503444 0.23496556
0 0.99788564 0.0021143802
0 0.99605536 0.0039446456
1 1.7950313e-05 0.999982
1 2.0804047e-05 0.99997914
1 1.4438616e-05 0.9999856
1 1.854094e-05 0.9999814
1 1.4685078e-05 0.99998534
0 0.9999896 1.0337787e-05
0 0.9999752 2.4838895e-05
0 0.9999894 1.0640136e-05
0 0.9999877 1.2316062e-05
0 0.9999913 8.748481e-06
0 0.99999094 9.105406e-06
0 0.9999907 9.337072e-06
1 1.32868745e-05 0.99998677
1 1.2666987e-05 0.99998736
1 1.299727e-05 0.999987
1 1.2319727e-05 0.9999877
1 1.1927024e-05 0.9999881
1 1.2809334e-05 0.99998724
0 0.99999094 9.11638e-06
0 0.99998987 1.01206815e-05
0 0.9999894 1.0592004e-05
0 0.99998975 1.0228893e-05
0 0.9999895 1.0458068e-05
0 0.99998975 1.0229907e-05
0 0.99998975 1.0291074e-05
1 0.027123561 0.9728765
0 0.68922144 0.31077856
1 0.0047385073 0.9952615
0 0.98194 0.018060079
1 0.13359101 0.86640894
1 1.9383731e-05 0.99998057
1 0.00013372723 0.99986625
1 3.7201393e-05 0.9999628
1 1.8208986e-05 0.99998176
1 1.5574551e-05 0.9999844
1 1.6168728e-05 0.9999838
1 1.6662827e-05 0.9999833
1 1.9303376e-05 0.9999807
0 0.99999 9.960338e-06
0 0.99998987 1.0169008e-05
0 0.9999821 1.7931852e-05
0 0.99999094 9.062688e-06
0 0.9999901 9.930349e-06
0 0.9999912 8.808104e-06
0 0.9999907 9.345097e-06
0 0.9999912 8.7752705e-06
0 0.99999034 9.685968e-06
0 0.9999913 8.734609e-06
0 0.99998915 1.0852517e-05
1 1.435807e-05 0.9999857
1 1.5979766e-05 0.999984
1 1.6041893e-05 0.9999839
1 1.857717e-05 0.9999814
1 1.4911709e-05 0.9999851
0 0.9999851 1.4870879e-05
0 0.99998844 1.1560899e-05
0 0.99998295 1.7030123e-05
1 1.4112439e-05 0.99998593
1 1.7596716e-05 0.99998236
1 2.2951417e-05 0.999977
1 2.1209751e-05 0.9999788
1 1.5426525e-05 0.9999846
0 0.99999106 8.907646e-06
0 0.9999902 9.733414e-06
0 0.9999914 8.608719e-06
1 0.0024512538 0.99754876
1 0.00043208784 0.9995679
1 6.4632746e-05 0.9999354
1 0.000117603544 0.99988234
1 1.9386096e-05 0.99998057
0 0.99997354 2.6434618e-05
0 0.9999913 8.696268e-06
0 0.99992216 7.7807716e-05
0 0.99998486 1.5119989e-05
0 0.99999094 9.118362e-06
0 0.9999913 8.647416e-06
0 0.9999914 8.621167e-06
0 0.9999914 8.574479e-06
0 0.9999907 9.2660885e-06
0 0.9999912 8.787841e-06
0 0.99998915 1.08158365e-05
0 0.9999881 1.1979599e-05
0 0.99999154 8.5036645e-06
0 0.99999034 9.617523e-06
0 0.9999913 8.681808e-06
0 0.99999094 9.068983e-06
0 0.9999913 8.717882e-06
0 0.9999914 8.5443735e-06
0 0.9999913 8.694079e-06
0 0.99999094 9.02085e-06
0 0.9999914 8.538932e-06
0 0.9999907 9.315388e-06
0 0.99999046 9.479314e-06
0 0.9999908 9.218757e-06
0 0.9999908 9.186434e-06
0 0.99999106 8.912022e-06
0 0.99999094 9.042659e-06
0 0.9999913 8.693781e-06
0 0.9999908 9.147331e-06
0 0.9927614 0.0072386963
0 0.8283396 0.17166048
1 0.26468885 0.73531115
1 0.033156484 0.96684355
1 2.7195987e-05 0.9999728
0 0.5628538 0.43714622
1 0.00024707004 0.99975294
1 9.6746604e-05 0.9999032
1 6.387322e-05 0.9999361
1 4.9160168e-05 0.9999509
0 0.99898726 0.0010126795
0 0.9992982 0.000701743
0 0.9999871 1.2825785e-05
0 0.9999571 4.295928e-05
0 0.99999094 9.041219e-06
0 0.9999908 9.235054e-06
0 0.99998844 1.1561384e-05
0 0.9999908 9.135962e-06
0 0.99998844 1.1567472e-05
0 0.99998844 1.1553823e-05
0 0.99998724 1.27244475e-05
0 0.9999864 1.3574913e-05
0 0.9999912 8.790749e-06
0 0.9999243 7.570705e-05
0 0.9999912 8.784791e-06
0 0.9999912 8.8618e-06
0 0.99999094 9.091445e-06
0 0.99995923 4.0772615e-05
0 0.5628538 0.43714622
0 0.9999914 8.58365e-06
0 0.99999094 9.117032e-06
0 0.9999881 1.1962029e-05
0 0.99999106 8.928755e-06
0 0.99999106 8.891368e-06
0 0.9999912 8.797073e-06
0 0.9999914 8.6281825e-06
0 0.9999914 8.604492e-06
0 0.9999913 8.657037e-06
1 0.0012133637 0.9987866
1 3.83548e-05 0.9999616
1 3.2268803e-05 0.9999677
1 0.0007362075 0.9992638
1 2.344353e-05 0.9999765
0 0.99997973 2.0299163e-05
0 0.99999034 9.6162385e-06
0 0.9999567 4.326966e-05
0 0.9999857 1.4342481e-05
0 0.9999913 8.743894e-06
0 0.9999912 8.789727e-06
0 0.9999914 8.607332e-06
0 0.9999914 8.5748225e-06
0 0.9999907 9.355763e-06
0 0.99999106 8.954697e-06
0 0.99998975 1.0207143e-05
0 0.99999046 9.595078e-06
0 0.9999912 8.865426e-06
0 0.9999914 8.625888e-06
0 0.9999914 8.562581e-06
0 0.99999046 9.495437e-06
0 0.9999914 8.573612e-06
0 0.99999154 8.435243e-06
0 0.9999914 8.55052e-06
0 0.9999912 8.774299e-06
0 0.99999154 8.522759e-06
0 0.9999907 9.263137e-06
0 0.9999907 9.351615e-06
0 0.99999034 9.60001e-06
0 0.9999906 9.374428e-06
0 0.99999094 9.0171425e-06
0 0.9999908 9.16309e-06
0 0.99999106 8.891623e-06
0 0.99999046 9.539149e-06
1 0.00037413358 0.9996258
1 0.005593292 0.9944067
0 0.9999901 9.85715e-06
0 0.99999 1.0063878e-05
0 0.9998727 0.00012730861
0 0.9999788 2.1162188e-05
0 0.9995863 0.00041369334
0 0.9998965 0.00010342036
0 0.99997306 2.6962309e-05
0 0.9999813 1.8724602e-05
0 0.99998057 1.9486803e-05
0 0.99993193 6.8067275e-05
0 0.9999728 2.7189972e-05
1 1.2972715e-05 0.999987
1 2.356812e-05 0.9999764
0 0.9999894 1.0566802e-05
0 0.9999908 9.156399e-06
0 0.99998915 1.0852537e-05
0 0.99998796 1.2060332e-05
0 0.9999893 1.0768309e-05
0 0.99999106 8.998957e-06
0 0.99999154 8.424865e-06
0 0.98526406 0.01473595
0 0.9982547 0.0017452767
0 0.99837434 0.0016256642
1 0.09533219 0.9046678
1 0.45102036 0.54897964
0 0.99959713 0.00040289597
1 5.2224772e-05 0.9999478
1 0.00011058629 0.9998894
1 2.4698022e-05 0.9999753
1 9.452047e-05 0.99990547
1 3.317697e-05 0.99996686
0 0.9998858 0.00011413935
0 0.99984264 0.00015730661
0 0.99983466 0.00016526386
0 0.9999645 3.553605e-05
0 0.9999715 2.8477258e-05
0 0.99997437 2.558622e-05
0 0.9999912 8.770902e-06
0 0.99997866 2.1320111e-05
0 0.9997135 0.00028649493
1 0.03235096 0.9676491
1 0.0002475775 0.99975246
1 0.00011082929 0.99988914
1 0.0022876866 0.99771225
1 3.2339787e-05 0.9999677
0 0.9999722 2.7795912e-05
0 0.99999034 9.6050935e-06
0 0.9999485 5.1466646e-05
0 0.9999827 1.7260354e-05
0 0.99999046 9.498326e-06
0 0.9999912 8.770225e-06
0 0.9999912 8.813128e-06
0 0.9999913 8.670075e-06
0 0.9999906 9.443241e-06
0 0.9999908 9.230254e-06
0 0.9999906 9.363116e-06
0 0.9999912 8.823698e-06
0 0.9999912 8.774107e-06
0 0.99999154 8.515382e-06
0 0.99999094 9.028363e-06
0 0.99999034 9.600057e-06
0 0.9999913 8.691144e-06
0 0.99999154 8.4095645e-06
0 0.9999913 8.750467e-06
0 0.9999908 9.227139e-06
0 0.9999914 8.6385235e-06
0 0.9999907 9.287667e-06
0 0.99999046 9.4924035e-06
0 0.9999908 9.231012e-06
0 0.99999094 9.100085e-06
0 0.9999912 8.809649e-06
0 0.99999046 9.534638e-06
0 0.9999913 8.733209e-06
0 0.99999046 9.554791e-06
0 0.99730957 0.002690391
0 0.99624 0.003759948
0 0.99545455 0.004545447
0 0.99956983 0.00043013904
0 0.9677864 0.032213617
1 0.058382105 0.94161785
0 0.9994005 0.00059948815
1 0.013389833 0.98661023
0 0.995783 0.004217094
0 0.9970662 0.0029338035
0 0.99997747 2.2532204e-05
0 0.9999893 1.0743465e-05
0 0.9999889 1.1046399e-05
0 0.9999621 3.7943275e-05
0 0.9999893 1.07176365e-05
0 0.99992657 7.3421776e-05
0 0.9999571 4.290544e-05
0 0.9999906 9.420483e-06
0 0.99998915 1.0838636e-05
0 0.9999887 1.13285405e-05
0 0.9999912 8.775689e-06
0 0.99999094 9.09193e-06
0 0.99998987 1.0100664e-05
0 0.99999094 9.071214e-06
0 0.9999913 8.7404505e-06
0 0.99999154 8.4447165e-06
0 0.9999913 8.643986e-06
0 0.9999912 8.812515e-06
0 0.9999913 8.644893e-06
0 0.9999914 8.62671e-06
0 0.9999914 8.553488e-06
0 0.9999913 8.735208e-06
0 0.9999913 8.69893e-06
0 0.9999914 8.627879e-06
1 0.34431928 0.6556807
1 0.28806397 0.711936
0 0.843652 0.15634802
0 0.77657175 0.22342825
0 0.5237622 0.4762378
1 1.2084464e-05 0.99998796
1 1.3294491e-05 0.99998665
1 1.2260421e-05 0.9999877
1 1.2471627e-05 0.9999875
1 1.295821e-05 0.999987
0 0.9999906 9.396626e-06
0 0.9999907 9.323929e-06
0 0.99999094 9.028974e-06
0 0.9999906 9.3750095e-06
0 0.99999046 9.488522e-06
0 0.9999901 9.842974e-06
0 0.9999907 9.260063e-06
0 0.9999908 9.186916e-06
0 0.9999906 9.464845e-06
1 1.4031623e-05 0.99998593
0 0.68075454 0.31924543
1 1.3358545e-05 0.99998665
1 1.3393036e-05 0.99998665
1 1.2784671e-05 0.99998724
0 0.9999851 1.4917356e-05
0 0.68075454 0.31924543
0 0.99999046 9.565614e-06
0 0.9999902 9.785424e-06
0 0.9999864 1.3601401e-05
0 0.999982 1.7941822e-05
0 0.9999794 2.0633219e-05
0 0.9999398 6.0234386e-05
0 0.68075454 0.31924543
0 0.99997795 2.2039496e-05
0 0.99999106 8.918424e-06
0 0.9999913 8.733359e-06
1 1.8043267e-05 0.999982
1 1.4806873e-05 0.9999852
1 2.5677153e-05 0.99997437
1 2.1517508e-05 0.9999784
1 2.6664387e-05 0.9999733
0 0.99998987 1.0141301e-05
0 0.9999883 1.1641996e-05
0 0.9999906 9.399485e-06
0 0.99998975 1.0247346e-05
0 0.99998474 1.5244389e-05
0 0.9999906 9.3578765e-06
0 0.99999034 9.662938e-06
0 0.99999106 8.9363375e-06
0 0.99999154 8.5180955e-06
0 0.9999914 8.627681e-06
0 0.9999908 9.171491e-06
1 0.023337437 0.97666264
1 0.020795623 0.9792044
1 0.00018054007 0.99981946
1 0.0019308764 0.9980691
1 0.0010239333 0.9989761
0 0.9998666 0.00013341034
0 0.9999672 3.2756234e-05
0 0.99998033 1.9613075e-05
0 0.99721354 0.0027865083
0 0.73329866 0.26670134
1 0.010638188 0.9893618
1 0.042271238 0.95772874
0 0.8014828 0.19851719
1 0.002967207 0.99703276
1 5.4110995e-05 0.9999459
1 0.0035945622 0.9964055
1 2.1309825e-05 0.99997866
1 2.6328527e-05 0.99997365
1 2.6596454e-05 0.9999734
0 0.99999106 8.931736e-06
0 0.9999912 8.777296e-06
0 0.9999062 9.3813236e-05
0 0.9999708 2.9158533e-05
0 0.9999416 5.8439095e-05
0 0.9997683 0.00023165725
0 0.9999391 6.0862818e-05
0 0.9999819 1.8069542e-05
0 0.9998983 0.000101627025
1 0.13368337 0.8663166
0 0.5654393 0.43456075
1 0.012315384 0.9876846
1 0.0028260306 0.9971739
1 0.013851164 0.98614883
0 0.98762286 0.012377074
0 0.9099207 0.09007927
0 0.97826254 0.021737421
0 0.9236182 0.07638176
0 0.75082356 0.24917644
0 0.7490798 0.2509202
0 0.7954554 0.2045446
1 0.49291244 0.5070875
0 0.5407363 0.45926365
0 0.98669213 0.013307843
0 0.5576053 0.4423947
0 0.5654393 0.43456075
0 0.99998283 1.7209322e-05
0 0.9999645 3.5486974e-05
0 0.9999293 7.074499e-05
0 0.9998443 0.00015563234
1 0.244518 0.755482
1 0.29080835 0.7091916
1 0.26679382 0.73320615
1 0.11894383 0.8810562
1 0.0472047 0.9527953
1 0.0013125226 0.99868745
1 0.103602886 0.8963971
0 0.5439296 0.4560704
0 0.99996555 3.450147e-05
0 0.99991214 8.789305e-05
0 0.9999577 4.229736e-05
1 1.197294e-05 0.9999881
1 1.2016212e-05 0.99998796
1 1.4033417e-05 0.99998593
1 1.1783272e-05 0.9999882
1 1.1589899e-05 0.99998844
0 0.99999046 9.588866e-06
0 0.9999908 9.227307e-06
0 0.9999739 2.6061705e-05
0 0.99998987 1.0089757e-05
0 0.9998294 0.00017060676
0 0.99999034 9.601485e-06
0 0.99993575 6.429789e-05
0 0.9998294 0.00017060676
0 0.9999913 8.7558765e-06
0 0.99999106 8.922099e-06
1 3.8217957e-05 0.99996173
1 3.3356526e-05 0.9999666
1 1.3715556e-05 0.9999863
0 0.99975806 0.00024194155
0 0.99957997 0.0004200856
0 0.99998736 1.2671518e-05
0 0.99997497 2.5061125e-05
0 0.9999602 3.9845367e-05
0 0.9999614 3.8660186e-05
0 0.56251013 0.43748984
0 0.56861395 0.43138605
0 0.97846586 0.021534134
0 0.54802114 0.4519789
0 0.828614 0.17138596
0 0.9999852 1.480909e-05
0 0.9385486 0.061451342
0 0.99994564 5.439275e-05
0 0.99995255 4.748436e-05
0 0.999966 3.3991386e-05
1 0.48792213 0.5120778
0 0.56861395 0.43138605
0 0.8564163 0.14358371
0 0.54802114 0.4519789
0 0.6658131 0.33418688
1 0.2805102 0.7194898
0 0.9465297 0.05347031
0 0.8460091 0.15399094
0 0.9999881 1.1974836e-05
0 0.9998673 0.00013262825
0 0.9999863 1.368386e-05
0 0.9999906 9.376092e-06
0 0.9979942 0.0020058346
0 0.99997354 2.6478774e-05
0 0.99999 9.997852e-06
0 0.99999094 9.031454e-06
0 0.99999106 8.96324e-06
0 0.99998736 1.2646491e-05
0 0.9999893 1.0742113e-05
0 0.99996006 3.9890838e-05
0 0.99989307 0.00010691152
0 0.9999168 8.317285e-05
0 0.9999876 1.2380382e-05
0 0.99998474 1.5311529e-05
0 0.99998975 1.0215995e-05
0 0.9999566 4.3385644e-05
0 0.999987 1.30005055e-05
0 0.9999914 8.614378e-06
0 0.9999912 8.825054e-06
0 0.9999894 1.0616397e-05
0 0.9999857 1.4282003e-05
0 0.99998665 1.33641515e-05
0 0.99808913 0.0019108187
0 0.9999453 5.4761233e-05
0 0.9995167 0.000483319
0 0.9930201 0.0069798995
0 0.9777193 0.02228067
0 0.98919123 0.010808696
0 0.9979882 0.002011793
0 0.9922306 0.007769386
0 0.99996054 3.9453535e-05
0 0.99996614 3.38968e-05
0 0.9999789 2.1130712e-05
0 0.9999782 2.1871785e-05
0 0.9999901 9.945095e-06
0 0.99998546 1.44878e-05
0 0.99998295 1.7069848e-05
0 0.99998915 1.0876554e-05
0 0.99998987 1.0086746e-05
0 0.9999552 4.476607e-05
0 0.9999274 7.257379e-05
0 0.9999882 1.1851567e-05
0 0.99998033 1.9694045e-05
0 0.9999913 8.67029e-06
0 0.9999862 1.3787001e-05
0 0.99999 1.004449e-05
0 0.99999094 9.054749e-06
0 0.9999913 8.677205e-06
0 0.9936853 0.006314712
0 0.9999484 5.1669558e-05
0 0.99997413 2.591348e-05
0 0.99995434 4.567719e-05
0 0.9999522 4.7814974e-05
0 0.999941 5.9008613e-05
0 0.9882415 0.0117584495
0 0.94334036 0.056659628
0 0.99456835 0.005431663
0 0.8892843 0.1107157
0 0.98862296 0.011377108
0 0.9997632 0.00023679301
0 0.99917597 0.0008240439
0 0.9999448 5.517534e-05
0 0.9999865 1.3500009e-05
0 0.9999794 2.0654443e-05
0 0.9894003 0.010599688
0 0.9385486 0.061451342
0 0.88776314 0.11223686
0 0.95435417 0.045645878
0 0.9996283 0.00037167696
0 0.99990654 9.3414026e-05
0 0.9999832 1.6852102e-05
0 0.99998844 1.1589004e-05
0 0.9999883 1.1631521e-05
0 0.9999653 3.4687968e-05
0 0.9999734 2.6587679e-05
0 0.9999881 1.1973283e-05
0 0.9837683 0.016231705
0 0.99998 2.003707e-05
0 0.99997723 2.2766146e-05
0 0.9999871 1.2825028e-05
0 0.9999076 9.237346e-05
0 0.9999546 4.540549e-05
0 0.99932456 0.00067547965
0 0.9903582 0.009641854
0 0.9999858 1.41276005e-05
0 0.99995923 4.0781444e-05
0 0.99996996 3.0063447e-05
0 0.9999794 2.0641879e-05
0 0.9999232 7.6793214e-05
0 0.99999046 9.497519e-06
0 0.9999862 1.3825474e-05
0 0.99998903 1.0968657e-05
0 0.9999852 1.4804954e-05
0 0.9999888 1.1178294e-05
0 0.99999154 8.469397e-06
0 0.9999912 8.798634e-06
0 0.9999913 8.707123e-06
0 0.9999839 1.60812e-05
0 0.9999839 1.607985e-05
0 0.99998426 1.5775671e-05
0 0.9999887 1.1285988e-05
0 0.9984394 0.0015606545
0 0.9999821 1.7882752e-05
0 0.9999881 1.19087135e-05
0 0.99998486 1.516529e-05
0 0.9999825 1.758184e-05
0 0.99998593 1.4051496e-05
0 0.99900454 0.0009954623
0 0.9591215 0.040878545
1 0.0003005708 0.9996995
1 0.085152134 0.9148479
0 0.99988604 0.00011398808
0 0.9977666 0.0022334058
0 0.9994968 0.00050322193
0 0.99988174 0.00011824235
0 0.99991 9.003262e-05
0 0.9999764 2.3617531e-05
0 0.9552352 0.044764865
0 0.9931472 0.0068527833
0 0.9999583 4.1774078e-05
0 0.99844676 0.0015532952
0 0.9999634 3.6570178e-05
0 0.99994624 5.375817e-05
0 0.999923 7.7009245e-05
0 0.9999635 3.6509235e-05
0 0.9999443 5.5711993e-05
0 0.9998858 0.00011423737
0 0.99977416 0.0002258649
1 0.00048261395 0.99951744
0 0.5388512 0.46114877
1 6.5929315e-05 0.9999341
1 0.00020397975 0.9997961
1 8.482494e-05 0.9999151
0 0.9999912 8.779405e-06
0 0.9999912 8.871084e-06
0 0.9999901 9.900807e-06
0 0.9996867 0.0003133197
0 0.5388512 0.46114877
0 0.9998871 0.00011288766
0 0.99994147 5.851828e-05
0 0.9998641 0.00013590565
0 0.9999893 1.0676218e-05
0 0.9999893 1.0676279e-05
0 0.9999907 9.351303e-06
0 0.9999914 8.613556e-06
0 0.99999154 8.521508e-06
0 0.9999901 9.953597e-06
0 0.99999094 9.102584e-06
0 0.99998915 1.0830866e-05
0 0.9999914 8.546281e-06
0 0.99998736 1.2576971e-05
0 0.99997413 2.5915408e-05
0 0.9999901 9.952174e-06
0 0.9999893 1.0748938e-05
0 0.99999 9.992496e-06
0 0.99999094 9.077159e-06
0 0.9999913 8.647705e-06
0 0.9999913 8.671431e-06
0 0.99998987 1.0134764e-05
0 0.99999046 9.525731e-06
0 0.9999912 8.819787e-06
0 0.9999658 3.4216795e-05
0 0.99999154 8.520419e-06
0 0.9999908 9.171684e-06
0 0.9999913 8.7150975e-06
0 0.9999908 9.16406e-06
0 0.9999914 8.53233e-06
0 0.99999106 8.948029e-06
0 0.9999895 1.0462796e-05
1 1.550919e-05 0.9999845
1 1.4874397e-05 0.9999851
0 0.69512033 0.3048797
1 1.3355157e-05 0.99998665
1 1.5164003e-05 0.99998486
1 1.2566471e-05 0.9999875
0 0.9999908 9.231382e-06
0 0.99999106 8.936082e-06
0 0.99999106 8.947449e-06
0 0.9999908 9.120362e-06
0 0.99999094 9.104519e-06
0 0.99999046 9.539304e-06
0 0.99999 1.0041808e-05
0 0.99997616 2.3868226e-05
0 0.99999046 9.561746e-06
0 0.9999913 8.669108e-06
0 0.9999912 8.851065e-06
0 0.99999094 9.089025e-06
0 0.9999912 8.762175e-06
0 0.99999106 8.97383e-06
0 0.9999912 8.819114e-06
0 0.69512033 0.3048797
0 0.9999908 9.147671e-06
0 0.99999034 9.6684325e-06
0 0.9999908 9.123973e-06
0 0.99998987 1.0175286e-05
0 0.9999912 8.791663e-06
0 0.69512033 0.3048797
0 0.99999046 9.490729e-06
0 0.9999907 9.249454e-06
0 0.99999106 8.936406e-06
0 0.9999902 9.776562e-06
0 0.99999094 9.117954e-06
0 0.9999907 9.3244535e-06
0 0.9999906 9.380428e-06
0 0.99999106 8.927028e-06
0 0.99997616 2.3868226e-05
1 1.2076169e-05 0.99998796
1 1.2217178e-05 0.99998784
1 1.206788e-05 0.99998796
1 1.1485163e-05 0.99998856
1 1.1410988e-05 0.99998856
0 0.99999034 9.6685435e-06
0 0.99998987 1.0155741e-05
0 0.9999908 9.1965585e-06
1 0.002789889 0.9972101
1 0.06346498 0.93653506
0 0.99986374 0.00013629472
0 0.9997743 0.00022572196
0 0.9979954 0.0020046982
0 0.99986804 0.00013200019
0 0.84102005 0.15897991
0 0.9948244 0.0051755887
0 0.9992386 0.0007613632
0 0.999876 0.00012390439
0 0.99718827 0.0028116822
0 0.9874241 0.012575946
0 0.9999907 9.334793e-06
0 0.9999889 1.1027349e-05
0 0.99998987 1.0123365e-05
0 0.9999654 3.4609788e-05
0 0.9999883 1.1736742e-05
0 0.9999876 1.2389666e-05
0 0.9999857 1.4289986e-05
0 0.99998844 1.1581193e-05
0 0.99983716 0.00016285563
0 0.99971217 0.00028777117
0 0.9999416 5.8414913e-05
0 0.9972339 0.0027660748
0 0.9998982 0.00010182317
0 0.99998903 1.0932146e-05
0 0.99950266 0.0004973187
0 0.9999902 9.780665e-06
0 0.9999862 1.3887569e-05
0 0.99996555 3.4403984e-05
0 0.9999906 9.4253e-06
0 0.99999094 9.106839e-06
0 0.9999912 8.812943e-06
0 0.9999863 1.3655077e-05
0 0.9999895 1.0487382e-05
0 0.9999889 1.1038733e-05
0 0.9999862 1.385673e-05
0 0.99998224 1.7736622e-05
0 0.9998492 0.00015081455
0 0.99998105 1.8985127e-05
0 0.9999683 3.168014e-05
0 0.99998045 1.9513933e-05
1 0.00010967935 0.9998903
1 4.434416e-05 0.99995565
1 3.264649e-05 0.99996734
1 8.334474e-05 0.9999167
1 5.2106076e-05 0.9999479
0 0.99999 9.958362e-06
0 0.99998593 1.4013811e-05
0 0.99999106 8.887274e-06
0 0.99998677 1.3193751e-05
0 0.9999893 1.0747103e-05
0 0.9999386 6.140921e-05
0 0.9999894 1.0633014e-05
0 0.99998116 1.8838213e-05
0 0.99997973 2.0254047e-05
0 0.99999106 8.884503e-06
0 0.99999046 9.583392e-06
0 0.9999895 1.0464902e-05
0 0.9999906 9.361019e-06
0 0.99999094 9.113911e-06
0 0.9998616 0.00013835153
0 0.98804003 0.011959931
0 0.9999758 2.4214141e-05
0 0.9998492 0.00015081455
0 0.9999839 1.61523e-05
0 0.99998164 1.8327366e-05
0 0.9999863 1.3712626e-05
0 0.9999906 9.409135e-06
0 0.9999907 9.249568e-06
0 0.9999907 9.249234e-06
0 0.99928135 0.0007187244
0 0.99602485 0.003975133
0 0.99956673 0.00043330758
0 0.9846251 0.015374941
0 0.9982346 0.0017653443
0 0.8761771 0.123822905
0 0.99800915 0.0019908196
0 0.9997334 0.00026655663
0 0.9784151 0.021584932
0 0.99264127 0.0073586884
0 0.9951278 0.004872138
1 0.43157905 0.56842095
1 0.04564484 0.9543551
1 0.03052065 0.9694793
1 0.2903796 0.7096204
0 0.9990201 0.0009799436
0 0.99264127 0.0073586884
0 0.99960464 0.00039535426
0 0.9129304 0.08706963
1 0.29465115 0.70534885
0 0.99456984 0.00543019
0 0.9289036 0.071096376
1 1.5730571e-05 0.99998426
1 2.0436022e-05 0.9999796
0 0.9998467 0.0001532808
1 5.701868e-05 0.999943
0 0.99976987 0.00023011849
0 0.9999815 1.8532583e-05
1 0.01036042 0.98963964
1 9.5383446e-05 0.99990463
1 1.4487165e-05 0.99998546
1 1.6039812e-05 0.9999839
0 0.99999094 9.110469e-06
0 0.9999908 9.122676e-06
0 0.99999106 8.955611e-06
0 0.99999106 8.980379e-06
0 0.9999914 8.53802e-06
0 0.9999906 9.391564e-06
0 0.9999906 9.381323e-06
0 0.99997354 2.6404712e-05
0 0.9999386 6.137268e-05
0 0.99992573 7.425269e-05
1 3.757161e-05 0.99996245
1 0.01968187 0.9803182
1 3.986179e-05 0.9999602
1 9.8534416e-05 0.9999014
1 4.5329176e-05 0.9999547
0 0.9999914 8.567563e-06
0 0.99999154 8.495267e-06
0 0.99999046 9.525803e-06
0 0.99999154 8.518737e-06
0 0.9999833 1.6655962e-05
0 0.9999902 9.740777e-06
0 0.99999154 8.507169e-06
0 0.99999046 9.487509e-06
0 0.99997973 2.0220408e-05
0 0.9999914 8.552722e-06
0 0.9999497 5.0340164e-05
0 0.9997888 0.00021125014
0 0.99999094 9.083594e-06
0 0.9993831 0.0006169296
0 0.99993587 6.414712e-05
0 0.9998908 0.00010920576
0 0.9973442 0.0026557685
0 0.9999901 9.899674e-06
0 0.99999046 9.499639e-06
0 0.9999902 9.7479715e-06
0 0.9999908 9.119735e-06
0 0.99999106 8.939321e-06
0 0.82464266 0.17535737
1 0.015267896 0.98473215
0 0.9997633 0.00023670317
0 0.99877554 0.0012244794
0 0.999977 2.2957283e-05
0 0.99973017 0.00026983835
0 0.99992645 7.353052e-05
0 0.9998392 0.000160821
0 0.99984443 0.00015555193
0 0.9999865 1.3514307e-05
0 0.99998856 1.1497218e-05
0 0.9999906 9.474336e-06
0 0.9999281 7.1832445e-05
0 0.9999856 1.4453412e-05
0 0.9985611 0.0014389724
0 0.99994636 5.3588028e-05
0 0.99995565 4.4367935e-05
0 0.9878263 0.012173714
0 0.9201076 0.079892404
0 0.9374328 0.06256726
0 0.99106455 0.008935472
0 0.9999722 2.7721284e-05
0 0.9993467 0.0006532649
0 0.99999154 8.469009e-06
0 0.99996257 3.7384827e-05
0 0.9999914 8.538133e-06
0 0.99998176 1.8234896e-05
0 0.999783 0.00021704842
0 0.99999154 8.444088e-06
0 0.99999094 9.009518e-06
0 0.99999154 8.513807e-06
0 0.9999914 8.600473e-06
0 0.99999034 9.63017e-06
0 0.9999603 3.9730323e-05
0 0.99995565 4.434086e-05
0 0.8929941 0.107005924
0 0.986147 0.013853027
0 0.999561 0.00043901417
0 0.9997285 0.00027146217
0 0.99981683 0.00018321768
1 0.004275445 0.99572456
1 0.25966275 0.74033725
1 0.154627 0.845373
1 0.41507566 0.58492434
0 0.8174743 0.18252572
0 0.9999907 9.317307e-06
0 0.9999902 9.756183e-06
0 0.9999907 9.257203e-06
0 0.99999034 9.688388e-06
0 0.99999106 8.9935e-06
0 0.99999046 9.571043e-06
0 0.9999895 1.0449723e-05
0 0.9999889 1.1040881e-05
0 0.9999907 9.286683e-06
0 0.99999034 9.681886e-06
0 0.9999912 8.80933e-06
0 0.99999106 8.923393e-06
0 0.99999094 9.117719e-06
0 0.9999906 9.3588405e-06
0 0.99999034 9.614625e-06
0 0.99999034 9.676809e-06
0 0.99999106 8.914002e-06
0 0.9999907 9.327896e-06
0 0.9999907 9.298027e-06
0 0.99999094 9.09474e-06
0 0.9999908 9.17821e-06
0 0.9999908 9.128089e-06
0 0.99999046 9.488558e-06
0 0.9999906 9.38714e-06
0 0.9999907 9.3414355e-06
0 0.99998987 1.0191269e-05
0 0.99987817 0.00012177936
0 0.9812025 0.01879749
1 0.37415087 0.6258492
1 0.43310007 0.5668999
0 0.8163901 0.18360992
0 0.9999907 9.252781e-06
0 0.99999046 9.486114e-06
0 0.99999034 9.658258e-06
0 0.99999106 8.987721e-06
0 0.99999106 8.955934e-06
0 0.9999902 9.816061e-06
0 0.9999554 4.460253e-05
0 0.99998987 1.0099374e-05
0 0.9999913 8.707065e-06
0 0.9999913 8.716602e-06
0 0.9999715 2.8477149e-05
0 0.70570445 0.29429555
1 0.17081122 0.8291888
0 0.70570445 0.29429555
1 0.33628115 0.6637188
0 0.8936961 0.106303915
0 0.99941707 0.0005829272
0 0.9999906 9.475474e-06
0 0.99998987 1.01919495e-05
1 0.13752444 0.8624756
1 0.025840525 0.9741595
1 0.091551185 0.9084488
1 0.09731847 0.9026816
1 0.042509906 0.9574901
0 0.999923 7.705185e-05
0 0.99998856 1.1440168e-05
0 0.9999814 1.8619208e-05
0 0.99997056 2.9397312e-05
0 0.99161047 0.008389588
0 0.9930067 0.006993297
0 0.99853826 0.001461693
0 0.99925107 0.0007488917
0 0.983657 0.01634301
0 0.99989533 0.00010469052
0 0.9999901 9.913298e-06
0 0.99998593 1.4110151e-05
1 0.0007377206 0.9992623
1 4.4456283e-05 0.99995553
1 0.0006143039 0.9993857
1 0.00011539252 0.9998846
1 0.00011768163 0.99988234
0 0.94697165 0.053028326
0 0.96739274 0.03260723
1 0.062543124 0.9374569
1 0.010180655 0.98981935
0 0.9399709 0.060029108
0 0.68063277 0.3193672
1 0.39029497 0.60970503
1 0.23507622 0.76492375
0 0.7677952 0.23220475
1 0.0053665936 0.99463344
0 0.55067337 0.4493266
1 5.023567e-05 0.9999498
1 0.0001111165 0.9998889
1 7.256659e-05 0.9999274
0 0.998979 0.0010210167
0 0.55067337 0.4493266
0 0.9997975 0.00020253459
0 0.99997663 2.3365905e-05
0 0.99994516 5.487781e-05
0 0.99999 9.997586e-06
0 0.99999106 8.98414e-06
0 0.9999902 9.75341e-06
0 0.9999912 8.865731e-06
0 0.99998915 1.0797049e-05
0 0.9995358 0.00046417676
0 0.9991597 0.00084026455
0 0.9996991 0.000300941
0 0.9999509 4.9121834e-05
1 0.010675803 0.98932415
1 0.00974686 0.9902532
1 0.021354813 0.9786452
1 0.06959088 0.93040913
1 0.39321843 0.60678154
1 0.003560522 0.9964394
1 0.020945184 0.9790548
1 0.0051041413 0.9948959
1 0.0008029891 0.99919707
0 0.9999809 1.909121e-05
0 0.99996233 3.7635582e-05
0 0.99998915 1.0855757e-05
0 0.99998 2.0053723e-05
0 0.99996305 3.6923797e-05
0 0.99998593 1.4062087e-05
0 0.54899585 0.45100418
0 0.9306987 0.069301255
0 0.9999894 1.0562953e-05
0 0.99998665 1.3390891e-05
0 0.99998474 1.5263096e-05
0 0.9999832 1.6829634e-05
0 0.99998844 1.155314e-05
0 0.99996376 3.6186284e-05
0 0.9999776 2.2366883e-05
0 0.99997663 2.340904e-05
0 0.9998752 0.00012482643
0 0.9998235 0.00017651204
0 0.9996282 0.00037176444
1 0.00119677 0.99880326
1 0.0011045166 0.9988954
0 0.9999732 2.6807245e-05
0 0.9999757 2.4351857e-05
0 0.99998415 1.5855941e-05
0 0.9999895 1.0540614e-05
0 0.9999831 1.6881795e-05
0 0.9999901 9.861719e-06
0 0.99990964 9.0409965e-05
0 0.9999536 4.635816e-05
0 0.9999814 1.8634766e-05
0 0.9999871 1.2886279e-05
0 0.99998426 1.575874e-05
0 0.99998903 1.0925185e-05
0 0.9999825 1.7574697e-05
0 0.9999869 1.3157803e-05
0 0.9999895 1.0498139e-05
0 0.9999901 9.904697e-06
0 0.52070725 0.47929275
1 0.4866902 0.51330984
0 0.9599766 0.04002337
0 0.9996463 0.00035373104
0 0.9999833 1.6692888e-05
0 0.999818 0.00018195789
1 0.0075848824 0.99241513
1 0.036503226 0.9634968
1 0.05660833 0.94339174
0 0.99986386 0.00013611173
0 0.99838626 0.0016137372
1 2.1057247e-05 0.9999789
1 1.9023331e-05 0.9999809
1 5.3844815e-05 0.9999461
1 7.354132e-05 0.99992645
1 1.720937e-05 0.99998283
0 0.99991643 8.358822e-05
0 0.9999846 1.5415113e-05
0 0.9999881 1.18727885e-05
0 0.99994636 5.36498e-05
0 0.9999802 1.977629e-05
0 0.99998915 1.0829595e-05
0 0.99999094 9.097307e-06
0 0.99999094 9.062446e-06
0 0.9999901 9.878068e-06
0 0.999969 3.1024392e-05
1 0.0036209733 0.9963791
1 0.37573665 0.6242634
1 0.006092533 0.9939075
0 0.6639529 0.33604714
0 0.88882005 0.111179985
1 0.0035786494 0.99642134
0 0.98836213 0.011637858
0 0.999977 2.2994642e-05
0 0.9999802 1.9748568e-05
0 0.99997413 2.5815532e-05
0 0.9999362 6.372744e-05
0 0.9999776 2.2355753e-05
0 0.99997544 2.4538658e-05
0 0.9998534 0.00014659866
0 0.99993014 6.9805305e-05
0 0.9995987 0.00040137334
0 0.99988997 0.00010997971
0 0.9999347 6.534532e-05
0 0.99880207 0.0011979573
0 0.99995005 4.9907914e-05
0 0.9999237 7.630355e-05
0 0.99996793 3.2060412e-05
0 0.99753165 0.002468339
0 0.9996487 0.00035134915
0 0.9995277 0.0004722641
0 0.99963665 0.00036337282
0 0.99995303 4.6943704e-05
0 0.99995136 4.8610633e-05
0 0.9067892 0.093210846
1 0.0004446662 0.9995553
1 0.0004359064 0.9995641
1 0.00057365984 0.99942636
1 0.024303075 0.9756969
0 0.99999034 9.608043e-06
0 0.99999046 9.571427e-06
0 0.99999106 8.920993e-06
0 0.99999046 9.5302385e-06
0 0.99997246 2.7589549e-05
0 0.99998796 1.2062517e-05
0 0.99998724 1.2750674e-05
0 0.9999889 1.1070044e-05
0 0.99999 1.0020992e-05
0 0.9999894 1.0608422e-05
0 0.999987 1.2970265e-05
0 0.9999819 1.8105475e-05
0 0.99997497 2.4977495e-05
0 0.9999813 1.8703064e-05
0 0.99998295 1.7101556e-05
0 0.9999671 3.2847416e-05
0 0.9999553 4.4716075e-05
0 0.9999585 4.1423948e-05
0 0.99998903 1.102553e-05
1 8.878114e-05 0.9999112
1 2.0480738e-05 0.9999795
1 6.609109e-05 0.99993396
1 4.7090223e-05 0.9999529
1 2.2730763e-05 0.99997723
0 0.7891272 0.21087289
0 0.96763706 0.03236296
1 0.17247257 0.8275274
1 0.012799367 0.9872006
0 0.93974674 0.060253307
0 0.84319204 0.15680797
1 0.08270837 0.91729164
1 0.34023997 0.65976006
0 0.9514682 0.048531767
0 0.99994826 5.178548e-05
0 0.99993205 6.797964e-05
0 0.99976236 0.00023770213
0 0.9983272 0.0016727541
0 0.9999682 3.1870255e-05
0 0.9999838 1.6229007e-05
0 0.9999871 1.2898746e-05
0 0.9999856 1.4420451e-05
0 0.99998677 1.3237838e-05
0 0.9999833 1.6720147e-05
0 0.99981207 0.00018790954
0 0.9991721 0.0008279801
0 0.99960595 0.00039408338
0 0.99933016 0.0006698575
0 0.9992933 0.0007066029
1 0.0005596178 0.9994404
1 0.0012240253 0.998776
1 0.00050563575 0.9994943
1 1.3476173e-05 0.9999865
1 1.3094948e-05 0.9999869
1 1.4421607e-05 0.9999856
1 1.5821983e-05 0.99998415
1 1.7964287e-05 0.999982
0 0.99998903 1.0991735e-05
0 0.9999621 3.794885e-05
0 0.99998164 1.8413808e-05
0 0.9999757 2.4312365e-05
0 0.99999034 9.672602e-06
0 0.9999894 1.0554062e-05
0 0.9999896 1.0399351e-05
0 0.99999106 8.907434e-06
0 0.9999914 8.602252e-06
0 0.9999908 9.230695e-06
0 0.9999906 9.418562e-06
1 8.669726e-05 0.99991333
1 3.6975172e-05 0.99996305
0 0.9999759 2.4079935e-05
0 0.9999902 9.833564e-06
0 0.99997914 2.0907035e-05
0 0.99998987 1.0161098e-05
0 0.9999912 8.780762e-06
0 0.99999106 8.983523e-06
0 0.9999913 8.669464e-06
0 0.9999912 8.823607e-06
0 0.9999906 9.44135e-06
0 0.9999908 9.1238235e-06
0 0.9999908 9.217684e-06
0 0.9999912 8.836693e-06
0 0.9999893 1.0777905e-05
0 0.9999882 1.1826007e-05
1 1.9968551e-05 0.99998
1 0.0031180352 0.99688196
1 0.0001692974 0.9998307
1 2.6029566e-05 0.999974
0 0.9993112 0.00068879314
0 0.9960448 0.0039551286
0 0.9999906 9.380178e-06
0 0.99998784 1.2174874e-05
1 1.3622846e-05 0.9999864
1 1.2596118e-05 0.99998736
1 1.25820825e-05 0.99998736
1 1.2693591e-05 0.99998736
1 1.2082608e-05 0.99998796
0 0.99998903 1.1009255e-05
0 0.99999 9.966019e-06
0 0.99998677 1.3205925e-05
0 0.99999 9.993678e-06
0 0.99998844 1.1545958e-05
0 0.99999094 9.104338e-06
0 0.9999906 9.444881e-06
0 0.9999901 9.933949e-06
0 0.9999902 9.793191e-06
0 0.9999907 9.281849e-06
0 0.9999908 9.22845e-06
0 0.9999913 8.7266835e-06
0 0.99999106 8.955807e-06
0 0.99999106 8.926201e-06
0 0.99999 9.992906e-06
0 0.99999106 8.932656e-06
0 0.9999901 9.9072395e-06
0 0.99998987 1.0130319e-05
0 0.99999046 9.477976e-06
0 0.9999902 9.8279115e-06
0 0.9999906 9.433106e-06
0 0.99999046 9.52197e-06
0 0.9999913 8.713029e-06
0 0.9999912 8.810506e-06
0 0.9999906 9.47692e-06
0 0.99999046 9.486351e-06
0 0.99999034 9.695375e-06
0 0.99999046 9.485971e-06
0 0.9999906 9.476884e-06
0 0.99998903 1.0977824e-05
0 0.9999896 1.0410603e-05
0 0.9999895 1.0516236e-05
0 0.99999 9.969042e-06
0 0.9999896 1.04145365e-05
0 0.99999046 9.537366e-06
0 0.9999908 9.212306e-06
0 0.9999912 8.798113e-06
0 0.9999906 9.452963e-06
0 0.9999865 1.3434201e-05
0 0.9999906 9.40325e-06
1 0.00072430033 0.99927574
1 0.001410141 0.9985898
1 0.09185029 0.9081497
1 0.0094054695 0.9905945
1 0.004297859 0.9957021
0 0.999964 3.605728e-05
0 0.9977719 0.002228029
0 0.99999154 8.495251e-06
0 0.9999857 1.4331162e-05
0 0.99999154 8.512021e-06
0 0.99999154 8.458202e-06
0 0.9999914 8.566795e-06
0 0.99998605 1.3957553e-05
0 0.99796766 0.0020323223
0 0.9999279 7.2167095e-05
0 0.9999629 3.7024885e-05
0 0.9999684 3.162463e-05
0 0.9999107 8.932114e-05
0 0.9977719 0.002228029
0 0.99997735 2.2695242e-05
0 0.99997985 2.0150688e-05
0 0.99837995 0.0016200013
0 0.99999154 8.422776e-06
0 0.99999094 9.0633275e-06
0 0.9999914 8.641514e-06
0 0.99999154 8.489274e-06
0 0.9999914 8.618174e-06
0 0.9999876 1.2456224e-05
0 0.9998267 0.00017329908
0 0.9999672 3.2782267e-05
0 0.99998665 1.329884e-05
0 0.99992967 7.027122e-05
1 0.00771727 0.9922827
1 0.10572888 0.8942711
1 0.0013676826 0.99863225
1 0.0012093559 0.9987907
1 0.00068448664 0.9993155
0 0.9478828 0.052117195
1 0.4259049 0.57409513
1 0.36603883 0.63396114
1 0.2435305 0.7564695
0 0.6550267 0.34497336
1 0.10271258 0.8972874
1 0.023052348 0.97694767
0 0.9717846 0.028215392
0 0.82310426 0.17689568
0 0.9992137 0.00078627747
0 0.98869437 0.011305639
0 0.9692805 0.030719507
0 0.9993907 0.00060931017
0 0.999967 3.2968583e-05
0 0.99998534 1.4710674e-05
0 0.9999851 1.4890009e-05
0 0.9999796 2.0433916e-05
0 0.9999895 1.05497265e-05
0 0.9999901 9.880858e-06
0 0.99999046 9.593715e-06
0 0.99999046 9.524941e-06
0 0.99998844 1.1552247e-05
0 0.9999906 9.379749e-06
0 0.99998784 1.2115238e-05
0 0.9999051 9.488522e-05
0 0.9999914 8.523482e-06
0 0.9999819 1.8144436e-05
0 0.9999809 1.9117193e-05
0 0.99998844 1.1579503e-05
0 0.9999912 8.8571105e-06
0 0.99999046 9.587011e-06
0 0.9999522 4.7771853e-05
0 0.99999106 8.896458e-06
0 0.9999908 9.165982e-06
0 0.9999914 8.612867e-06
0 0.9999914 8.528548e-06
0 0.9999913 8.646987e-06
0 0.9999908 9.182685e-06
0 0.99999046 9.52e-06
0 0.9999913 8.728704e-06
0 0.99999106 8.964771e-06
0 0.9999912 8.86349e-06
0 0.9999323 6.769888e-05
0 0.9999831 1.6966498e-05
0 0.9999654 3.4590485e-05
0 0.9999858 1.4197482e-05
1 0.009012075 0.99098796
1 0.00031842277 0.9996816
1 0.00029670633 0.9997032
1 0.00076580665 0.9992342
1 0.0009067057 0.9990933
0 0.99999 1.00204e-05
0 0.99999046 9.507805e-06
1 1.6366434e-05 0.99998367
1 1.4349076e-05 0.9999857
1 1.45132735e-05 0.99998546
1 1.5720852e-05 0.99998426
1 1.4522246e-05 0.99998546
0 0.9999789 2.1046424e-05
0 0.9999869 1.3117172e-05
0 0.99998987 1.00987e-05
0 0.9999907 9.355852e-06
0 0.9999901 9.857902e-06
0 0.99999106 8.8961015e-06
0 0.9999913 8.74477e-06
0 0.9999907 9.354183e-06
0 0.9999913 8.74477e-06
0 0.9999894 1.0581112e-05
0 0.9999913 8.74477e-06
1 2.0885831e-05 0.99997914
1 8.556897e-05 0.9999144
1 7.3480405e-05 0.99992657
1 2.0225347e-05 0.99997973
0 0.9999895 1.0480992e-05
0 0.9999913 8.75237e-06
0 0.9999913 8.697785e-06
0 0.99999106 8.983232e-06
0 0.9999913 8.673483e-06
0 0.99999106 8.941657e-06
0 0.9999728 2.717535e-05
0 0.99998856 1.1410291e-05
0 0.99998903 1.0962613e-05
1 0.018565001 0.98143506
1 2.8610422e-05 0.9999714
1 0.0002604108 0.9997396
1 3.9441307e-05 0.99996054
1 3.374276e-05 0.99996626
0 0.99979264 0.00020740181
0 0.99928623 0.0007137559
1 1.7103694e-05 0.99998295
1 0.00042045952 0.9995795
1 1.4661009e-05 0.99998534
1 1.3271209e-05 0.99998677
1 3.9841074e-05 0.9999602
0 0.99981683 0.00018318414
0 0.9965347 0.0034652587
0 0.9999912 8.862586e-06
0 0.9999862 1.3881173e-05
1 0.0334841 0.9665159
1 0.01298619 0.9870139
1 0.058434874 0.9415651
1 0.0055426056 0.99445736
0 0.6246604 0.37533957
1 0.022637587 0.97736245
0 0.9994087 0.0005912443
0 0.99998987 1.0088594e-05
0 0.9999764 2.3562794e-05
0 0.9999356 6.434673e-05
0 0.99999094 9.033573e-06
0 0.99999034 9.672307e-06
0 0.99998677 1.32522e-05
0 0.9999888 1.1166147e-05
0 0.9997557 0.00024434624
1 0.029463703 0.9705363
1 0.005103848 0.9948961
1 0.14190829 0.85809165
1 0.0052039856 0.994796
1 0.0037434516 0.9962566
0 0.9998305 0.0001694964
0 0.999913 8.7051754e-05
0 0.99998176 1.8228793e-05
0 0.9999758 2.4181281e-05
0 0.99998176 1.8273266e-05
0 0.9999852 1.475842e-05
0 0.9999893 1.0708553e-05
0 0.9955745 0.0044255666
0 0.9551447 0.04485535
0 0.999851 0.00014902964
0 0.98797894 0.012021099
0 0.9996075 0.00039250508
1 0.00053542724 0.9994646
1 0.00027659687 0.9997234
1 1.8535056e-05 0.9999815
1 1.7955534e-05 0.999982
1 4.107895e-05 0.9999589
1 2.3299817e-05 0.99997675
1 2.2672268e-05 0.99997735
0 0.9867988 0.013201226
0 0.99999034 9.687945e-06
0 0.99999106 8.9039595e-06
0 0.9999747 2.5215728e-05
0 0.999987 1.3035491e-05
0 0.99999154 8.500794e-06
0 0.9966085 0.0033915592
1 0.15600154 0.8439985
0 0.9999906 9.405161e-06
0 0.9998791 0.000120893106
1 0.023438906 0.97656107
1 0.25300556 0.7469944
1 0.005888597 0.99411136
1 0.092933424 0.9070666
1 0.0026185587 0.9973814
0 0.98774767 0.012252368
1 0.4227611 0.5772389
1 0.00083461934 0.9991654
1 0.0013870919 0.9986129
1 0.005520713 0.9944793
1 7.581715e-05 0.9999242
1 0.001024463 0.9989755
0 0.99996495 3.5033274e-05
0 0.99996054 3.950165e-05
0 0.9999851 1.4951879e-05
0 0.9999913 8.677272e-06
0 0.9999896 1.0390231e-05
0 0.9999387 6.1223145e-05
0 0.9999901 9.928966e-06
0 0.99997914 2.0854504e-05
0 0.9999895 1.05020745e-05
1 5.2772062e-05 0.9999472
1 1.8542567e-05 0.9999814
1 1.8861798e-05 0.99998116
1 0.00013825552 0.9998617
0 0.9999807 1.9252413e-05
0 0.9999871 1.2842627e-05
0 0.99998903 1.0960657e-05
0 0.9999901 9.926694e-06
0 0.99998844 1.1592177e-05
0 0.9999907 9.311977e-06
1 1.377315e-05 0.9999862
1 5.7782865e-05 0.9999422
1 1.7140643e-05 0.99998283
1 1.310172e-05 0.9999869
1 1.3641334e-05 0.9999864
0 0.99998915 1.09064995e-05
0 0.9999907 9.342103e-06
0 0.99999106 8.936542e-06
0 0.9999907 9.243423e-06
0 0.99999106 8.953604e-06
0 0.99977773 0.00022226774
0 0.9999007 9.929864e-05
0 0.9997392 0.0002607449
0 0.9999782 2.1835394e-05
0 0.9999521 4.79612e-05
1 1.5748823e-05 0.99998426
1 1.6094917e-05 0.9999839
1 1.5158928e-05 0.99998486
1 1.3334106e-05 0.99998665
1 1.3874794e-05 0.9999862
0 0.99998856 1.14992245e-05
0 0.9999862 1.38335845e-05
0 0.99993384 6.620589e-05
0 0.9994436 0.00055636297
0 0.9999416 5.8421265e-05
0 0.9999621 3.7894308e-05
0 0.7426042 0.25739577
0 0.99528104 0.0047189537
0 0.99993443 6.559293e-05
0 0.9999671 3.295378e-05
1 0.0033646324 0.9966354
0 0.9996445 0.00035542267
0 0.62134254 0.37865746
0 0.6385143 0.3614857
1 0.002794927 0.9972051
1 0.008993525 0.99100643
1 0.0059222537 0.9940778
0 0.7149943 0.28500566
0 0.8081467 0.19185333
1 0.30354103 0.69645894
0 0.9622816 0.037718438
0 0.9933651 0.006634903
0 0.99880743 0.0011925867
1 0.000885658 0.99911433
1 2.1238006e-05 0.9999788
1 2.4891653e-05 0.9999751
1 2.1743137e-05 0.9999783
1 2.5406438e-05 0.9999746
0 0.9998011 0.00019895632
0 0.99965465 0.00034538025
0 0.9999906 9.392022e-06
0 0.9999832 1.6854594e-05
0 0.9999697 3.025107e-05
0 0.99998546 1.455319e-05
0 0.9999875 1.2473435e-05
1 1.4770049e-05 0.9999852
1 4.301491e-05 0.99995697
1 1.3796707e-05 0.9999862
1 1.7142016e-05 0.99998283
0 0.75920665 0.24079335
0 0.99997985 2.0173762e-05
0 0.99998355 1.6447308e-05
0 0.99999046 9.572248e-06
0 0.99999094 9.039684e-06
0 0.9999895 1.0465052e-05
0 0.9999895 1.053991e-05
0 0.9999907 9.28872e-06
0 0.9999914 8.637625e-06
0 0.9999908 9.225987e-06
1 2.2046768e-05 0.99997795
1 2.9812694e-05 0.9999702
1 1.4834549e-05 0.9999852
1 1.7909515e-05 0.9999821
1 2.8466911e-05 0.9999715
0 0.9999858 1.4167617e-05
0 0.999979 2.095382e-05
0 0.99998903 1.0963532e-05
0 0.99998426 1.570452e-05
0 0.9999559 4.414383e-05
0 0.99998987 1.0138873e-05
0 0.99998 2.0061318e-05
0 0.99999094 9.020118e-06
0 0.9999896 1.0344572e-05
0 0.9999912 8.8278985e-06
0 0.9999913 8.7447115e-06
0 0.99999154 8.508353e-06
0 0.99999 9.987437e-06
0 0.9999914 8.631779e-06
0 0.99999154 8.515269e-06
0 0.9999908 9.194331e-06
0 0.9999896 1.0427516e-05
0 0.9999914 8.634866e-06
0 0.99999106 8.900972e-06
0 0.9999913 8.649626e-06
0 0.99999154 8.510544e-06
1 1.6078837e-05 0.9999839
1 1.2520416e-05 0.9999875
1 1.2950699e-05 0.999987
1 1.2907064e-05 0.9999871
0 0.9999902 9.753848e-06
0 0.9999753 2.4685189e-05
0 0.99994147 5.8544407e-05
0 0.9999913 8.702391e-06
0 0.9999912 8.869739e-06
0 0.9999913 8.708111e-06
0 0.99999034 9.7045895e-06
0 0.9999913 8.7470125e-06
1 0.00010651587 0.9998934
1 0.0001557814 0.9998442
1 0.00024050915 0.9997595
1 8.87115e-05 0.9999113
1 6.337631e-05 0.9999366
0 0.9999771 2.2868155e-05
0 0.9996512 0.00034885664
0 0.9999914 8.528417e-06
0 0.99998903 1.0921164e-05
0 0.9999914 8.611322e-06
0 0.99999154 8.469219e-06
0 0.9999914 8.581972e-06
0 0.9999906 9.4268735e-06
0 0.99998736 1.2578075e-05
0 0.99997413 2.5863485e-05
0 0.9999894 1.0605125e-05
0 0.99998987 1.0165091e-05
0 0.9999858 1.417224e-05
0 0.9996512 0.00034885664
0 0.9999901 9.914432e-06
0 0.9999887 1.1353654e-05
0 0.9999789 2.1082222e-05
0 0.99999154 8.447777e-06
0 0.9999913 8.649552e-06
0 0.9999913 8.660068e-06
0 0.9999914 8.576384e-06
0 0.9999913 8.684102e-06
0 0.99999046 9.564045e-06
0 0.9999895 1.0464333e-05
0 0.99999106 8.957148e-06
0 0.9999902 9.792967e-06
0 0.99999 9.95992e-06
1 5.294082e-05 0.9999471
1 0.00024568787 0.99975437
1 3.0192854e-05 0.99996984
1 1.9060957e-05 0.9999809
1 2.1517508e-05 0.9999784
0 0.99998355 1.6498665e-05
0 0.9999862 1.381854e-05
0 0.99999034 9.637685e-06
0 0.9999876 1.2393494e-05
0 0.99998903 1.0963302e-05
0 0.9999908 9.133784e-06
0 0.9999913 8.720427e-06
0 0.81525654 0.18474343
1 0.022167612 0.9778324
1 0.13951214 0.8604879
1 0.1859251 0.81407493
1 0.02383748 0.97616255
0 0.99995136 4.8611233e-05
0 0.99996006 3.9948056e-05
0 0.9999906 9.442953e-06
0 0.9999676 3.2388485e-05
0 0.9999912 8.81212e-06
0 0.9999503 4.9724924e-05
0 0.9999827 1.7337017e-05
0 0.99906963 0.000930375
0 0.99997234 2.7609181e-05
0 0.9999659 3.4121487e-05
0 0.9999912 8.824582e-06
0 0.9999913 8.718648e-06
0 0.9999914 8.615036e-06
0 0.99999154 8.515837e-06
0 0.9999913 8.652844e-06
1 0.00013987835 0.99986005
1 0.00014405284 0.9998559
1 1.6726415e-05 0.9999833
1 0.00016801103 0.9998319
0 0.9018898 0.098110184
0 0.9527345 0.047265496
1 0.35884425 0.6411557
1 2.1575372e-05 0.9999784
0 0.9926273 0.007372641
1 0.079622194 0.92037785
1 0.010457553 0.9895425
0 0.88148195 0.11851805
1 0.38283622 0.6171638
0 0.8073316 0.19266836
0 0.9974698 0.0025302712
0 0.97122586 0.028774124
