1 8.670679e-06 0.9999913
1 1.2230665e-05 0.9999877
1 8.80189e-06 0.9999912
1 9.218977e-06 0.9999908
1 8.554729e-06 0.9999914
0 0.9999938 6.199963e-06
0 0.99999356 6.3809525e-06
0 0.9999938 6.191927e-06
0 0.99999225 7.719352e-06
0 0.9999937 6.3183998e-06
1 1.3843628e-05 0.9999862
0 0.5144378 0.48556224
1 8.725427e-06 0.9999913
1 8.874977e-06 0.9999912
1 8.921283e-06 0.99999106
0 0.99853325 0.0014667069
0 0.5144378 0.48556224
0 0.999666 0.0003340502
0 0.9999659 3.405218e-05
0 0.9999927 7.260306e-06
0 0.99999297 7.0802967e-06
0 0.99999344 6.580065e-06
0 0.99999 1.0031146e-05
0 0.9999914 8.636076e-06
1 0.06840913 0.9315909
1 1.16674055e-05 0.9999883
1 0.0015514562 0.9984485
1 1.0735262e-05 0.9999893
1 0.35743797 0.64256203
1 0.023587683 0.9764123
1 0.38862476 0.6113753
0 0.9999887 1.1275886e-05
0 0.9999893 1.0703458e-05
0 0.9999919 8.10343e-06
0 0.99998844 1.15053335e-05
0 0.9999933 6.663325e-06
0 0.9999697 3.0253206e-05
0 0.9999931 6.894781e-06
0 0.99999 1.0060875e-05
0 0.9999529 4.708385e-05
0 0.9999286 7.139953e-05
0 0.99999344 6.513547e-06
0 0.99999356 6.4550054e-06
0 0.9999938 6.189595e-06
0 0.9999937 6.2932027e-06
0 0.9999938 6.235838e-06
1 1.2606549e-05 0.99998736
0 0.51246816 0.48753178
1 1.2261776e-05 0.9999877
1 8.405163e-06 0.99999154
1 1.04537e-05 0.9999895
0 0.9999926 7.336891e-06
0 0.9999901 9.8471055e-06
0 0.9999933 6.6186253e-06
0 0.99999225 7.707016e-06
0 0.9999933 6.7050146e-06
0 0.9999938 6.1937812e-06
0 0.9999938 6.2148392e-06
0 0.99999356 6.4743945e-06
0 0.9999933 6.7047654e-06
0 0.9999932 6.7584588e-06
0 0.51246816 0.48753178
0 0.9999933 6.7264764e-06
0 0.9999931 6.904816e-06
0 0.9999937 6.2895306e-06
0 0.99999356 6.3885145e-06
0 0.99999356 6.4299375e-06
0 0.9999937 6.2949853e-06
0 0.9999937 6.323644e-06
0 0.9999937 6.320738e-06
0 0.9999938 6.2103186e-06
0 0.99999225 7.771731e-06
0 0.9999895 1.0482362e-05
0 0.9999932 6.7404612e-06
0 0.99999344 6.5519744e-06
1 1.4810984e-05 0.9999852
1 8.763311e-06 0.9999912
1 1.074901e-05 0.9999893
1 9.905228e-06 0.9999901
1 2.3445253e-05 0.9999765
0 0.99999356 6.4038495e-06
0 0.99999225 7.714722e-06
0 0.9999937 6.334497e-06
0 0.99999356 6.3857738e-06
0 0.99999356 6.467372e-06
0 0.99999344 6.587254e-06
0 0.99999356 6.3915377e-06
0 0.99998975 1.0279402e-05
0 0.9999931 6.9677567e-06
0 0.99999166 8.3487375e-06
0 0.99999213 7.875582e-06
0 0.9998443 0.00015564689
0 0.9999938 6.21603e-06
0 0.9999937 6.361558e-06
0 0.9999937 6.3766092e-06
0 0.9999937 6.3212747e-06
0 0.9999937 6.3023676e-06
1 9.408032e-06 0.9999906
0 0.6685391 0.33146086
1 8.644299e-06 0.9999913
1 1.0180303e-05 0.99998987
1 8.5508045e-06 0.9999914
0 0.99999154 8.449792e-06
0 0.6685391 0.33146086
0 0.99999356 6.476087e-06
0 0.99999344 6.602934e-06
0 0.99999225 7.793122e-06
0 0.9999931 6.971612e-06
0 0.9999931 6.964249e-06
0 0.9999927 7.3233236e-06
0 0.6685391 0.33146086
0 0.9999938 6.24828e-06
0 0.9999932 6.7749083e-06
0 0.9999937 6.2670056e-06
1 1.2647239e-05 0.99998736
1 2.3535871e-05 0.9999765
1 0.00062937546 0.99937063
0 0.9999902 9.827152e-06
1 1.6840406e-05 0.9999832
1 1.0647079e-05 0.9999894
0 0.9999609 3.9074865e-05
0 0.99867505 0.0013249682
1 0.0021919163 0.99780804
0 0.9995328 0.00046722093
0 0.9999151 8.487099e-05
0 0.9999908 9.185706e-06
1 9.02362e-06 0.99999094
0 0.6695914 0.33040857
1 8.627599e-06 0.9999914
1 9.057418e-06 0.99999094
1 8.323212e-06 0.99999166
0 0.9999918 8.216655e-06
0 0.6695914 0.33040857
0 0.99999356 6.4477267e-06
0 0.99999356 6.4171713e-06
0 0.99999213 7.838034e-06
0 0.99999213 7.844534e-06
0 0.99999344 6.5528366e-06
0 0.9999933 6.667508e-06
0 0.6695914 0.33040857
0 0.9999938 6.155411e-06
0 0.9999933 6.6330385e-06
0 0.9999938 6.247779e-06
1 4.694997e-05 0.99995303
1 1.1330247e-05 0.9999887
1 1.8583267e-05 0.9999814
1 8.836811e-06 0.9999912
1 8.6069385e-06 0.9999914
0 0.99999344 6.590503e-06
0 0.99999297 7.05153e-06
0 0.99994946 5.0487226e-05
0 0.9999671 3.2947435e-05
0 0.9999933 6.6809703e-06
0 0.9999938 6.2376703e-06
0 0.9999938 6.17107e-06
0 0.9999938 6.150934e-06
0 0.9999938 6.1455808e-06
0 0.9999937 6.3028724e-06
0 0.9999939 6.1249275e-06
0 0.9567904 0.043209594
0 0.9999826 1.7427541e-05
0 0.9999926 7.380415e-06
0 0.9999732 2.6856093e-05
0 0.9999745 2.5484138e-05
0 0.9999833 1.6635895e-05
0 0.9999813 1.8730621e-05
1 2.1406513e-05 0.99997854
1 5.0447525e-05 0.9999496
1 9.922529e-06 0.9999901
1 1.7028855e-05 0.99998295
1 4.13877e-05 0.99995863
1 9.359081e-06 0.9999906
1 9.429742e-06 0.9999906
1 9.135351e-06 0.9999908
1 9.55132e-06 0.99999046
0 0.9999937 6.3210273e-06
0 0.9999938 6.204257e-06
0 0.9999937 6.3433654e-06
0 0.9999937 6.273207e-06
0 0.9999938 6.214584e-06
0 0.9999938 6.237813e-06
0 0.99999356 6.469734e-06
0 0.99999356 6.40286e-06
0 0.9999937 6.258668e-06
0 0.9999938 6.198698e-06
1 9.530292e-06 0.99999046
1 9.119059e-06 0.99999094
1 9.6860595e-06 0.99999034
1 9.65638e-06 0.99999034
1 8.812641e-06 0.9999912
1 9.822523e-06 0.9999902
0 0.9999933 6.691836e-06
0 0.9999924 7.677139e-06
0 0.99999225 7.775475e-06
0 0.9999925 7.517293e-06
0 0.99999213 7.856977e-06
0 0.9999924 7.6487695e-06
0 0.99999213 7.81925e-06
1 1.16549045e-05 0.9999883
1 1.295028e-05 0.999987
1 1.0414029e-05 0.9999896
1 8.973093e-06 0.99999106
1 8.891674e-06 0.99999106
0 0.9999881 1.191261e-05
0 0.9999912 8.8499e-06
0 0.999966 3.399229e-05
0 0.99998033 1.9630217e-05
0 0.99994123 5.875694e-05
1 0.23230815 0.76769185
1 0.008429948 0.99157
1 0.00015063834 0.9998493
1 0.00017613813 0.99982387
1 4.551196e-05 0.99995446
0 0.99999034 9.630721e-06
0 0.9999851 1.4920314e-05
0 0.9994956 0.00050430204
0 0.9999248 7.5246986e-05
0 0.99998665 1.3327598e-05
0 0.9999938 6.1635646e-06
0 0.99999166 8.2969555e-06
0 0.9999939 6.088453e-06
0 0.9999939 6.0761504e-06
0 0.99999356 6.465608e-06
0 0.9999918 8.2434035e-06
0 0.9896791 0.010320922
0 0.9999794 2.0603646e-05
0 0.999987 1.2943871e-05
1 9.078293e-06 0.99999094
1 9.211656e-06 0.9999908
1 9.968491e-06 0.99999
1 1.0798799e-05 0.99998915
1 9.078051e-06 0.99999094
0 0.99999356 6.392336e-06
0 0.9999927 7.306692e-06
0 0.9999931 6.885608e-06
0 0.99999297 7.0536416e-06
0 0.9999933 6.6525627e-06
1 0.04383371 0.95616627
1 0.0035154598 0.9964845
0 0.9428416 0.057158425
1 0.25477576 0.74522424
0 0.9964971 0.0035028926
0 0.99831736 0.0016826951
0 0.9997116 0.0002883768
0 0.9930385 0.0069615035
0 0.9987668 0.0012332129
0 0.99940383 0.0005961827
1 8.756687e-06 0.9999913
1 8.771188e-06 0.9999912
1 8.655684e-06 0.9999913
1 8.878989e-06 0.9999912
1 8.587932e-06 0.9999914
0 0.99999356 6.4187197e-06
0 0.9999925 7.491436e-06
0 0.9999937 6.3292496e-06
0 0.9999938 6.246921e-06
0 0.9999937 6.348915e-06
0 0.9999932 6.7645074e-06
0 0.9999925 7.53835e-06
0 0.99998474 1.5243459e-05
0 0.99998486 1.5119902e-05
1 9.755867e-06 0.9999902
1 1.19283095e-05 0.9999881
1 9.749533e-06 0.9999902
0 0.99999297 7.0316655e-06
0 0.99999344 6.606045e-06
0 0.9999931 6.95769e-06
0 0.9999937 6.3567e-06
0 0.9999937 6.3024513e-06
0 0.9999933 6.645512e-06
0 0.99988806 0.00011192448
0 0.99999297 7.0261553e-06
0 0.9999871 1.2932422e-05
0 0.9999937 6.3273e-06
0 0.99999356 6.436828e-06
0 0.9999938 6.1395353e-06
0 0.99999356 6.487708e-06
0 0.9999436 5.64387e-05
0 0.9999938 6.2463077e-06
0 0.99999225 7.775327e-06
0 0.9999937 6.304291e-06
0 0.9999938 6.1762153e-06
0 0.9999938 6.1528585e-06
0 0.9999937 6.2585245e-06
0 0.99999356 6.475939e-06
0 0.9999938 6.186373e-06
0 0.99999297 6.9999383e-06
0 0.9999938 6.200087e-06
0 0.9999938 6.1699047e-06
0 0.9999937 6.3048806e-06
0 0.9999938 6.250521e-06
0 0.99999356 6.3778007e-06
1 8.774935e-06 0.9999912
1 9.345739e-06 0.9999907
1 8.995234e-06 0.99999106
0 0.99999356 6.458521e-06
0 0.9999937 6.3079956e-06
0 0.9999938 6.146202e-06
0 0.9999939 6.098884e-06
0 0.9999938 6.1561395e-06
0 0.9999938 6.1528112e-06
0 0.9999865 1.3501503e-05
0 0.99999344 6.594394e-06
0 0.9999896 1.03313705e-05
0 0.9999937 6.2675913e-06
0 0.9999937 6.370555e-06
0 0.9999938 6.227263e-06
0 0.9999938 6.158829e-06
0 0.99999106 8.9469795e-06
0 0.9999938 6.1700107e-06
0 0.9999937 6.274278e-06
0 0.9999937 6.3738607e-06
0 0.9999939 6.115495e-06
0 0.9999937 6.348516e-06
0 0.9999937 6.270318e-06
0 0.9999933 6.627866e-06
0 0.9999938 6.2055406e-06
0 0.9999938 6.154126e-06
0 0.9999938 6.1781125e-06
0 0.9999938 6.2423596e-06
0 0.9999937 6.366632e-06
0 0.9999938 6.256413e-06
0 0.99999356 6.459914e-06
1 1.261279e-05 0.99998736
1 2.1806802e-05 0.9999782
1 1.1674429e-05 0.9999883
1 1.730938e-05 0.9999827
1 1.0188276e-05 0.99998987
0 0.9999927 7.301865e-06
0 0.99993646 6.35088e-05
0 0.9999902 9.795732e-06
0 0.99993646 6.35088e-05
0 0.9999865 1.3428205e-05
0 0.9999783 2.1644739e-05
0 0.999984 1.6006317e-05
0 0.9999883 1.1726762e-05
0 0.999992 8.035247e-06
0 0.9999914 8.580024e-06
0 0.99999344 6.5760746e-06
0 0.99999213 7.918705e-06
0 0.9999937 6.337506e-06
0 0.9999938 6.214691e-06
0 0.99999285 7.1738e-06
0 0.9999889 1.1073073e-05
1 2.0889516e-05 0.99997914
1 1.2774956e-05 0.99998724
1 1.0668444e-05 0.9999894
1 1.071171e-05 0.9999893
0 0.999992 8.022309e-06
0 0.9999906 9.456859e-06
0 0.9999838 1.6264676e-05
0 0.9999931 6.9651387e-06
0 0.99999154 8.501321e-06
0 0.99999356 6.427712e-06
0 0.99999356 6.4680753e-06
0 0.99999344 6.511311e-06
0 0.99999356 6.3881253e-06
0 0.9999933 6.7228843e-06
1 1.00769e-05 0.99998987
1 8.898308e-06 0.99999106
1 1.0135693e-05 0.99998987
1 9.710292e-06 0.99999034
1 9.149616e-06 0.9999908
1 9.928862e-06 0.9999901
0 0.9999931 6.965192e-06
0 0.99999225 7.732747e-06
0 0.99999225 7.727557e-06
0 0.9999924 7.5709427e-06
0 0.9999924 7.6208244e-06
0 0.9999925 7.560618e-06
0 0.9999924 7.612877e-06
1 1.6355152e-05 0.99998367
1 3.177351e-05 0.9999682
1 3.4990935e-05 0.99996495
1 0.0045562848 0.9954437
1 9.903764e-05 0.99990094
0 0.9999646 3.541767e-05
0 0.99998426 1.5690835e-05
0 0.99984396 0.00015596168
0 0.99996173 3.8236478e-05
0 0.99986994 0.00013002587
0 0.9999926 7.3628676e-06
0 0.99999344 6.5309755e-06
0 0.999992 7.983438e-06
0 0.99999297 7.0678434e-06
0 0.9999937 6.265751e-06
0 0.9999926 7.3388296e-06
0 0.9999937 6.3238012e-06
0 0.9999927 7.3114534e-06
0 0.9999913 8.664008e-06
0 0.99999166 8.320736e-06
0 0.99999166 8.355683e-06
0 0.9999925 7.5250473e-06
0 0.9999937 6.2843023e-06
0 0.999977 2.2948223e-05
1 0.0024805912 0.99751943
1 1.8619101e-05 0.9999814
1 0.0009192151 0.9990808
1 0.011653962 0.98834604
1 0.002521681 0.9974783
0 0.99999285 7.1843156e-06
0 0.9999938 6.165446e-06
0 0.9999939 6.0692005e-06
0 0.99999356 6.4401124e-06
0 0.9999938 6.1770165e-06
0 0.9999939 6.1188207e-06
0 0.9999939 6.1229766e-06
0 0.9999939 6.1347073e-06
0 0.9999938 6.1735423e-06
0 0.9999939 6.1266037e-06
0 0.9999939 6.083073e-06
0 0.9999937 6.372062e-06
0 0.9999939 6.0633693e-06
0 0.9999938 6.1923874e-06
0 0.99999344 6.515715e-06
0 0.99999344 6.5559866e-06
0 0.9999924 7.65017e-06
0 0.99999225 7.779266e-06
0 0.9999926 7.407599e-06
0 0.9999938 6.209537e-06
0 0.9999939 6.12404e-06
0 0.99998474 1.5223034e-05
0 0.99999225 7.736641e-06
0 0.99999213 7.919898e-06
0 0.9999931 6.8932222e-06
0 0.9999933 6.6410266e-06
0 0.9998995 0.00010045599
0 0.99986506 0.00013493911
0 0.9999887 1.1310339e-05
0 0.99998796 1.1991154e-05
0 0.9999933 6.6210937e-06
0 0.9999895 1.0465012e-05
0 0.9999926 7.435974e-06
0 0.9999926 7.339831e-06
0 0.9999938 6.1484943e-06
0 0.9999937 6.2587756e-06
0 0.9999863 1.3764643e-05
0 0.99997246 2.7589498e-05
0 0.9999937 6.3270586e-06
0 0.9999937 6.267657e-06
0 0.9999938 6.230916e-06
0 0.9999937 6.273823e-06
0 0.9999937 6.3424277e-06
0 0.9999937 6.267657e-06
1 0.00026485504 0.9997352
1 0.0065776156 0.99342245
1 5.9373702e-05 0.99994063
1 0.09804913 0.9019509
1 0.42756623 0.57243377
0 0.9999409 5.917417e-05
0 0.99985707 0.00014287599
1 0.0033650212 0.996635
1 2.5232204e-05 0.9999747
1 4.3404805e-05 0.9999566
1 0.0002953235 0.99970466
1 0.0114045795 0.9885954
0 0.9999938 6.237551e-06
0 0.9999938 6.2213326e-06
0 0.9999939 6.114014e-06
0 0.9999938 6.143465e-06
0 0.9999938 6.1926476e-06
0 0.9999938 6.2158288e-06
0 0.9999938 6.214584e-06
0 0.9999938 6.171052e-06
0 0.9999938 6.1857177e-06
0 0.9999938 6.239634e-06
0 0.99996674 3.328421e-05
0 0.9992004 0.0007996244
0 0.99991846 8.154654e-05
0 0.99995434 4.56501e-05
0 0.99991703 8.302118e-05
0 0.99998665 1.33215235e-05
0 0.99997485 2.5120706e-05
0 0.99998677 1.3252162e-05
0 0.9999862 1.3816801e-05
0 0.99997413 2.5907551e-05
0 0.98130107 0.018698975
0 0.99988663 0.00011331971
0 0.9999938 6.252655e-06
0 0.9999938 6.1594865e-06
0 0.9919927 0.008007208
0 0.99100846 0.00899157
0 0.9999938 6.154038e-06
0 0.9999933 6.671719e-06
1 9.944232e-06 0.9999901
1 1.7152384e-05 0.99998283
1 8.2952465e-06 0.99999166
1 9.84749e-06 0.9999901
1 8.908317e-06 0.99999106
0 0.9999906 9.3762965e-06
0 0.9999895 1.0433065e-05
0 0.99999213 7.877527e-06
0 0.9999858 1.4227518e-05
0 0.9999831 1.6944183e-05
1 8.727614e-06 0.9999913
1 8.472563e-06 0.99999154
1 1.0351026e-05 0.9999896
1 9.40325e-06 0.9999906
1 8.830492e-06 0.9999912
0 0.99999356 6.389849e-06
0 0.9999937 6.3755206e-06
0 0.9999938 6.2382414e-06
0 0.9999937 6.3553243e-06
0 0.9999937 6.343831e-06
0 0.99999356 6.3787797e-06
0 0.99999344 6.556049e-06
0 0.9999937 6.3484185e-06
0 0.9999912 8.780326e-06
0 0.99994826 5.1721214e-05
0 0.9999925 7.535453e-06
0 0.9999856 1.4379789e-05
1 1.8855577e-05 0.99998116
1 4.4502518e-05 0.99995553
1 3.5204852e-05 0.99996483
1 0.15125336 0.84874666
1 3.3606884e-05 0.9999664
0 0.9990716 0.00092843175
0 0.9995098 0.0004902439
0 0.9999157 8.4250976e-05
0 0.9999858 1.4226188e-05
0 0.9999889 1.1124249e-05
0 0.99999356 6.4922388e-06
0 0.9999932 6.7905303e-06
0 0.99999356 6.459347e-06
0 0.99999344 6.55383e-06
0 0.9999938 6.2564727e-06
0 0.99999344 6.5437753e-06
0 0.99999297 7.0896276e-06
0 0.99999297 7.0357905e-06
0 0.99999356 6.467853e-06
0 0.99999344 6.591552e-06
0 0.9999939 6.1223345e-06
0 0.9999937 6.267042e-06
0 0.9999937 6.271783e-06
0 0.9999938 6.1892524e-06
0 0.9999938 6.2381696e-06
0 0.9999933 6.6519156e-06
0 0.99999356 6.4336728e-06
0 0.99999344 6.4975525e-06
0 0.9999937 6.371266e-06
0 0.99999356 6.456846e-06
0 0.99999356 6.417942e-06
0 0.99999356 6.4399715e-06
0 0.99999344 6.570934e-06
0 0.99999356 6.4869905e-06
0 0.99999356 6.418842e-06
0 0.9999931 6.960219e-06
1 1.0166575e-05 0.99998987
1 9.450917e-06 0.9999906
0 0.53354865 0.46645132
1 8.648125e-06 0.9999913
1 8.902008e-06 0.99999106
1 8.7973995e-06 0.9999912
0 0.9999924 7.673333e-06
0 0.53354865 0.46645132
0 0.9999937 6.3748457e-06
0 0.9999926 7.385978e-06
0 0.9999937 6.3377843e-06
0 0.99999356 6.4292444e-06
1 1.0961065e-05 0.99998903
1 1.4121284e-05 0.99998593
1 1.1842609e-05 0.9999882
1 1.2094218e-05 0.99998796
1 1.0684143e-05 0.9999893
0 0.9999937 6.3233306e-06
0 0.9999906 9.438487e-06
0 0.9999937 6.3460943e-06
0 0.9999728 2.7121265e-05
0 0.9999919 8.1123535e-06
1 0.005437431 0.99456257
1 0.0011332418 0.9988668
1 1.170282e-05 0.9999883
1 2.1177775e-05 0.9999788
1 0.0767074 0.9232926
0 0.999985 1.5032201e-05
0 0.99998546 1.4523907e-05
0 0.99999225 7.7585055e-06
0 0.99999106 8.94937e-06
0 0.9999684 3.1624568e-05
0 0.99997306 2.6894715e-05
0 0.99998903 1.0955516e-05
0 0.99999285 7.173519e-06
0 0.9999937 6.3282414e-06
0 0.99999 1.0040113e-05
0 0.9999932 6.832031e-06
0 0.99983704 0.00016291231
1 0.009339133 0.99066085
1 5.7399197e-05 0.99994254
1 1.0613157e-05 0.9999894
0 0.9999907 9.314153e-06
0 0.99999106 8.890554e-06
0 0.9999937 6.28441e-06
0 0.99999356 6.4220258e-06
0 0.9999932 6.7921815e-06
0 0.9999932 6.784601e-06
0 0.9999932 6.8363192e-06
0 0.9999937 6.30155e-06
1 8.682404e-06 0.9999913
1 9.542716e-06 0.99999046
1 8.954321e-06 0.99999106
1 8.91442e-06 0.99999106
1 9.284478e-06 0.9999907
0 0.9999933 6.704062e-06
0 0.99999344 6.5626364e-06
0 0.9999933 6.6162584e-06
0 0.9999932 6.803014e-06
0 0.9999931 6.9525827e-06
0 0.99999285 7.136168e-06
0 0.99999344 6.5919357e-06
0 0.99999356 6.4926908e-06
0 0.9999931 6.8706263e-06
1 0.0013237542 0.99867624
0 0.5586536 0.4413464
0 0.91996276 0.08003717
1 0.40116614 0.59883386
1 0.0030698355 0.9969302
1 0.0036684165 0.99633163
1 4.4547607e-05 0.9999554
1 3.1060685e-05 0.9999689
1 0.00010804987 0.999892
0 0.99996996 3.0059264e-05
0 0.99998486 1.5113126e-05
0 0.9999831 1.6965381e-05
0 0.99998796 1.1981745e-05
0 0.99999213 7.900708e-06
0 0.99996245 3.7578422e-05
0 0.9999875 1.2544799e-05
0 0.99999154 8.445425e-06
0 0.99988914 0.00011079559
0 0.9999927 7.3246574e-06
0 0.9999918 8.27832e-06
0 0.9999827 1.7297596e-05
0 0.9999932 6.8168993e-06
0 0.99999046 9.533237e-06
0 0.9999939 6.1312044e-06
0 0.9999938 6.254206e-06
0 0.9999938 6.2193512e-06
0 0.9999937 6.296408e-06
0 0.9999937 6.2618738e-06
0 0.99999213 7.82233e-06
0 0.5586536 0.4413464
0 0.99999106 8.975276e-06
0 0.9999925 7.4877785e-06
0 0.9999927 7.264178e-06
0 0.9999931 6.937038e-06
0 0.999992 8.00116e-06
0 0.99999356 6.39683e-06
0 0.99999356 6.3949756e-06
0 0.9999937 6.280947e-06
0 0.9999939 6.075055e-06
0 0.9999937 6.276576e-06
0 0.9999937 6.374834e-06
0 0.99999106 8.99194e-06
0 0.9999918 8.27832e-06
1 0.0012731858 0.9987268
1 0.005337389 0.9946626
0 0.9999845 1.5541438e-05
0 0.99998844 1.1621764e-05
0 0.9999683 3.1746644e-05
0 0.99998784 1.2142559e-05
0 0.9999938 6.200152e-06
0 0.9999937 6.310902e-06
0 0.9999939 6.118867e-06
0 0.9999938 6.1511623e-06
0 0.9999938 6.227043e-06
0 0.9999931 6.9347434e-06
0 0.9999925 7.5547005e-06
0 0.9999926 7.339033e-06
0 0.9999901 9.856952e-06
0 0.9999908 9.127523e-06
0 0.9999777 2.2244485e-05
0 0.99994314 5.6831173e-05
0 0.99995923 4.082347e-05
0 0.99999356 6.4190135e-06
0 0.9999906 9.448872e-06
0 0.99999166 8.326554e-06
0 0.9999938 6.2511526e-06
0 0.99999106 8.929709e-06
0 0.99999344 6.524837e-06
0 0.9999851 1.4842429e-05
0 0.9999926 7.4111526e-06
0 0.99999356 6.4247088e-06
0 0.99999356 6.4117994e-06
0 0.9999927 7.3248534e-06
0 0.99999344 6.544006e-06
0 0.99999344 6.5332056e-06
0 0.9999938 6.1835003e-06
0 0.99999356 6.4133346e-06
0 0.99999356 6.4351148e-06
1 1.3165548e-05 0.9999869
1 1.808199e-05 0.9999819
1 5.3612974e-05 0.99994636
1 1.6437305e-05 0.99998355
1 9.191122e-06 0.9999908
0 0.9999871 1.2865355e-05
0 0.9999862 1.3873855e-05
1 1.1299913e-05 0.9999887
1 1.1263323e-05 0.9999888
1 1.1048992e-05 0.9999889
1 1.4821185e-05 0.9999852
1 1.1728753e-05 0.9999883
0 0.9999937 6.357373e-06
0 0.9999937 6.321311e-06
0 0.9999937 6.3623224e-06
0 0.99999356 6.481747e-06
0 0.99999356 6.3889534e-06
0 0.9999939 6.1367614e-06
0 0.9999933 6.6454922e-06
0 0.9999938 6.222442e-06
0 0.9999938 6.1690107e-06
0 0.9999933 6.6680354e-06
0 0.99999344 6.571573e-06
0 0.99999285 7.1192626e-06
0 0.99999356 6.4955148e-06
0 0.99999285 7.0957285e-06
0 0.99999297 6.9999583e-06
0 0.9999932 6.7979618e-06
0 0.9999933 6.7032693e-06
0 0.9999931 6.928853e-06
0 0.9999932 6.768289e-06
0 0.9999931 6.859797e-06
0 0.99999356 6.4336728e-06
0 0.99999356 6.3830944e-06
0 0.9999937 6.362353e-06
0 0.9999937 6.3592165e-06
0 0.9999937 6.327222e-06
0 0.9999932 6.751179e-06
0 0.99999285 7.0953083e-06
0 0.9999927 7.247812e-06
0 0.9999937 6.284105e-06
0 0.9999937 6.3612424e-06
0 0.99999034 9.618118e-06
0 0.99993014 6.9815025e-05
0 0.9999933 6.7313404e-06
0 0.99998784 1.2155697e-05
0 0.9999938 6.222608e-06
0 0.99999356 6.449018e-06
1 1.6490989e-05 0.99998355
1 2.2233287e-05 0.9999777
1 2.5061936e-05 0.99997497
1 1.7251583e-05 0.9999827
1 1.2186049e-05 0.99998784
0 0.9999938 6.22424e-06
0 0.9999938 6.2213326e-06
0 0.99999356 6.3904345e-06
0 0.9999938 6.2051026e-06
0 0.9999938 6.1605974e-06
0 0.999961 3.892803e-05
0 0.9999515 4.848947e-05
0 0.9997634 0.00023661517
0 0.99998665 1.3301974e-05
0 0.99980956 0.00019041821
0 0.99999356 6.435048e-06
0 0.9999937 6.265996e-06
0 0.99999356 6.4687656e-06
0 0.9999937 6.2996514e-06
0 0.9999938 6.200519e-06
0 0.9999933 6.679607e-06
0 0.99999344 6.554111e-06
0 0.9999938 6.2577974e-06
0 0.99999154 8.521752e-06
0 0.9999937 6.374043e-06
0 0.9999937 6.273237e-06
0 0.9999938 6.200678e-06
0 0.99999344 6.536191e-06
0 0.99999344 6.5423587e-06
0 0.9999937 6.2980894e-06
0 0.9999938 6.2126464e-06
0 0.9999939 6.1082674e-06
1 8.393693e-06 0.99999166
1 8.503526e-06 0.99999154
1 8.379728e-06 0.99999166
1 8.420351e-06 0.99999154
1 8.17116e-06 0.9999918
0 0.98368824 0.016311811
0 0.5012807 0.4987193
0 0.8105516 0.18944845
0 0.93255043 0.067449585
1 0.09619301 0.90380704
1 0.1581598 0.84184015
0 0.5010528 0.4989472
0 0.5637456 0.43625435
0 0.9996941 0.00030587864
0 0.94452375 0.055476315
0 0.99865615 0.0013438714
0 0.99997413 2.5911922e-05
0 0.99489427 0.005105752
0 0.9823951 0.017604934
0 0.991486 0.008514016
1 0.09475853 0.90524143
0 0.9998777 0.00012234855
0 0.9974753 0.0025246474
0 0.5012807 0.4987193
0 0.99995947 4.0544168e-05
1 7.00815e-05 0.9999299
1 0.0006953295 0.99930465
0 0.64456683 0.35543314
0 0.99919254 0.0008074983
0 0.99995863 4.14151e-05
0 0.9999919 8.139902e-06
0 0.9999927 7.3189944e-06
0 0.99999285 7.1368827e-06
1 1.552067e-05 0.9999845
1 1.0434796e-05 0.9999895
1 1.06920625e-05 0.9999893
1 2.0636722e-05 0.9999794
1 1.8763985e-05 0.9999813
0 0.9999746 2.5417854e-05
0 0.9999194 8.062886e-05
0 0.99999154 8.468088e-06
0 0.9999914 8.610953e-06
0 0.99999166 8.365435e-06
0 0.99980396 0.00019607233
0 0.9989011 0.0010988603
0 0.9999918 8.266036e-06
0 0.99998844 1.1554572e-05
0 0.9999927 7.223984e-06
1 1.1712869e-05 0.9999883
1 1.067009e-05 0.9999893
1 1.7335247e-05 0.9999827
1 1.4536573e-05 0.99998546
1 1.6169777e-05 0.9999838
0 0.99997807 2.1919352e-05
0 0.99998903 1.1008247e-05
0 0.9999919 8.163387e-06
0 0.9999933 6.637671e-06
0 0.99998796 1.2021199e-05
0 0.99999344 6.5688537e-06
0 0.99999344 6.498531e-06
0 0.9999932 6.821074e-06
0 0.9999933 6.6711527e-06
0 0.9999932 6.85271e-06
0 0.9999368 6.3222986e-05
0 0.99992824 7.174844e-05
0 0.9999614 3.86167e-05
0 0.9999472 5.280534e-05
0 0.99998665 1.3405995e-05
0 0.9999932 6.77009e-06
0 0.9999938 6.1936576e-06
0 0.99999356 6.4481637e-06
0 0.9999939 6.132175e-06
0 0.99997795 2.2112616e-05
0 0.9999937 6.288241e-06
0 0.9999937 6.3742623e-06
0 0.9999939 6.1381893e-06
0 0.99998784 1.2166542e-05
0 0.9999839 1.6037993e-05
0 0.9999925 7.565025e-06
0 0.88090163 0.11909839
0 0.99999154 8.517218e-06
0 0.9999927 7.2695557e-06
0 0.9999939 6.120373e-06
0 0.9999937 6.288241e-06
0 0.9999938 6.2352615e-06
0 0.9999939 6.1208284e-06
0 0.9999931 6.863344e-06
0 0.9999938 6.1768455e-06
0 0.9999938 6.230452e-06
0 0.999962 3.7986498e-05
0 0.99997556 2.4391344e-05
0 0.9999809 1.906752e-05
0 0.9999033 9.667144e-05
0 0.99997556 2.4413059e-05
1 0.00010151206 0.99989843
1 0.00025952767 0.9997404
1 7.325351e-05 0.9999267
1 8.872867e-05 0.9999113
1 0.00010803102 0.999892
0 0.99797016 0.002029818
0 0.9998683 0.00013169619
0 0.99994385 5.6190813e-05
0 0.9999478 5.222248e-05
0 0.9998783 0.00012175475
0 0.9995347 0.00046527048
0 0.99978966 0.00021034328
0 0.9999908 9.23641e-06
0 0.9999846 1.5329146e-05
0 0.9999913 8.669868e-06
0 0.99998534 1.4713129e-05
0 0.9999902 9.715924e-06
0 0.9999639 3.6173828e-05
0 0.99998844 1.153504e-05
1 1.5560092e-05 0.9999844
1 8.428834e-06 0.99999154
1 8.090164e-06 0.9999919
1 8.001953e-06 0.999992
1 8.367478e-06 0.99999166
0 0.99999344 6.5641198e-06
0 0.9999938 6.212783e-06
0 0.9999938 6.1471337e-06
0 0.9999939 6.132303e-06
0 0.99999356 6.3931225e-06
0 0.9999937 6.3560396e-06
0 0.99999285 7.1374884e-06
0 0.9999938 6.2098566e-06
0 0.9999938 6.2253685e-06
0 0.9999937 6.3509374e-06
0 0.99999166 8.350195e-06
0 0.9999932 6.774153e-06
0 0.9999901 9.855495e-06
1 2.124846e-05 0.9999788
1 0.00026616023 0.99973387
1 2.1367336e-05 0.99997866
0 0.9998159 0.0001841115
0 0.9998661 0.00013380974
0 0.9998474 0.00015255333
0 0.999933 6.693185e-05
0 0.99477416 0.0052259136
0 0.99996793 3.2041677e-05
0 0.99728155 0.002718479
0 0.99987316 0.00012685577
0 0.9998598 0.00014020364
0 0.9999118 8.816972e-05
0 0.99998975 1.0226562e-05
0 0.99999106 8.994633e-06
0 0.9999565 4.352451e-05
0 0.99998367 1.6302347e-05
0 0.99999 9.966096e-06
0 0.9999591 4.0827825e-05
0 0.99998856 1.1400677e-05
0 0.99998987 1.0155372e-05
0 0.9997236 0.00027637757
0 0.9941362 0.0058637843
1 9.018424e-06 0.99999094
1 9.865049e-06 0.9999901
0 0.9989691 0.0010309131
0 0.9943457 0.005654192
0 0.9999155 8.4556916e-05
0 0.9998598 0.00014014296
0 0.99983203 0.00016794841
0 0.9999938 6.190793e-06
0 0.999992 7.9613665e-06
0 0.99999356 6.496029e-06
0 0.99999285 7.131664e-06
0 0.9999932 6.81374e-06
0 0.9999938 6.2180466e-06
0 0.99999356 6.436877e-06
0 0.9999932 6.7777005e-06
0 0.99999344 6.530004e-06
0 0.9999912 8.769815e-06
0 0.99999356 6.4913224e-06
1 9.309136e-06 0.9999907
1 9.346586e-06 0.9999907
1 9.363331e-06 0.9999906
1 9.420142e-06 0.9999906
1 9.355646e-06 0.9999907
0 0.9999901 9.895124e-06
0 0.99998987 1.0191794e-05
0 0.99998784 1.2125606e-05
1 1.0550218e-05 0.9999894
1 9.944157e-06 0.9999901
1 1.1017531e-05 0.99998903
1 1.3901495e-05 0.99998605
1 1.0822605e-05 0.99998915
0 0.9999918 8.274405e-06
0 0.99902976 0.00097020564
0 0.99999154 8.405074e-06
0 0.9999932 6.826775e-06
0 0.99997675 2.3188783e-05
0 0.9999932 6.7631718e-06
0 0.9999939 6.1381606e-06
0 0.9999933 6.726303e-06
0 0.9999913 8.737484e-06
0 0.99999046 9.571673e-06
0 0.99999154 8.420342e-06
0 0.99999166 8.305245e-06
0 0.99999213 7.859705e-06
0 0.99999344 6.607104e-06
0 0.99999344 6.6017124e-06
0 0.9999939 6.1362407e-06
0 0.9999937 6.318171e-06
0 0.9999938 6.1513506e-06
0 0.9999939 6.1340234e-06
0 0.9999939 6.1018573e-06
0 0.99999356 6.435956e-06
0 0.99998844 1.1613764e-05
0 0.9999933 6.676715e-06
0 0.99998844 1.1613764e-05
0 0.9999937 6.2736794e-06
0 0.99999166 8.387283e-06
0 0.9999924 7.610845e-06
0 0.9999933 6.6899215e-06
0 0.99998415 1.5860478e-05
0 0.9999362 6.3787156e-05
0 0.99998033 1.9657831e-05
0 0.9999938 6.2470467e-06
0 0.99902976 0.00097020564
0 0.99998343 1.6510327e-05
0 0.9999573 4.2646858e-05
0 0.99999094 9.026315e-06
0 0.99992025 7.973077e-05
0 0.99992776 7.2292045e-05
0 0.94251376 0.05748622
0 0.95307946 0.046920557
0 0.93030196 0.06969803
1 0.0011094688 0.9988906
1 0.015568898 0.9844311
1 0.0016609991 0.99833894
0 0.8739305 0.12606952
1 4.6590303e-05 0.9999534
1 0.0016290963 0.99837095
1 0.0021580504 0.99784195
0 0.99997175 2.8227614e-05
0 0.8739305 0.12606952
0 0.9999795 2.0496818e-05
0 0.99997795 2.2025755e-05
0 0.9999888 1.1219187e-05
1 1.0362662e-05 0.9999896
1 9.922926e-06 0.9999901
1 9.508322e-06 0.99999046
1 1.0813826e-05 0.99998915
1 9.774204e-06 0.9999902
0 0.9999933 6.7309165e-06
0 0.9999933 6.671547e-06
0 0.9999937 6.3353305e-06
0 0.9999938 6.214857e-06
0 0.9999938 6.198497e-06
0 0.99999344 6.6065995e-06
0 0.9999925 7.4877216e-06
0 0.99999344 6.6140133e-06
0 0.99999285 7.15617e-06
0 0.9999938 6.1783426e-06
0 0.9999927 7.3292836e-06
0 0.9999937 6.30271e-06
0 0.9999937 6.31393e-06
0 0.9999937 6.309572e-06
0 0.99999356 6.4355263e-06
0 0.9999938 6.1685746e-06
0 0.9999932 6.823924e-06
0 0.9999937 6.3234875e-06
0 0.9999937 6.2958316e-06
0 0.99999344 6.5666113e-06
0 0.9999938 6.2177087e-06
0 0.9999933 6.622293e-06
0 0.99999356 6.4039777e-06
0 0.9999938 6.1439514e-06
0 0.9999933 6.6541998e-06
0 0.9999932 6.7901024e-06
0 0.9999925 7.455671e-06
1 9.325512e-06 0.9999907
0 0.51466966 0.4853303
1 8.668174e-06 0.9999913
1 9.927129e-06 0.9999901
1 1.25250735e-05 0.9999875
0 0.99999297 7.0201677e-06
0 0.9999938 6.143799e-06
0 0.99995875 4.129797e-05
0 0.9999894 1.0629567e-05
0 0.51466966 0.4853303
0 0.9999924 7.6071146e-06
0 0.9999913 8.656987e-06
0 0.9999927 7.3116066e-06
1 1.0645394e-05 0.9999894
1 1.04830315e-05 0.9999895
1 1.2342704e-05 0.9999876
1 1.2543303e-05 0.9999875
1 1.1443901e-05 0.99998856
0 0.9999882 1.18114895e-05
0 0.9998938 0.000106260035
0 0.999992 8.03436e-06
0 0.9999937 6.2740987e-06
0 0.9999795 2.0556152e-05
0 0.99999356 6.475784e-06
0 0.9999938 6.1721116e-06
0 0.9999924 7.648229e-06
0 0.9999877 1.2253127e-05
0 0.99998546 1.454148e-05
0 0.9999893 1.0732753e-05
0 0.99996483 3.518834e-05
0 0.9999825 1.7522065e-05
0 0.99999166 8.327079e-06
0 0.99999046 9.513674e-06
0 0.9999938 6.1798096e-06
0 0.9999938 6.2278327e-06
0 0.9999938 6.209294e-06
0 0.9999938 6.175403e-06
0 0.9999939 6.1152737e-06
0 0.99999344 6.539034e-06
0 0.9999801 1.9853274e-05
0 0.9999925 7.550149e-06
0 0.9999801 1.9853274e-05
0 0.9999937 6.293311e-06
0 0.99999225 7.752854e-06
0 0.99999344 6.537793e-06
0 0.9999933 6.6376197e-06
0 0.99991286 8.710406e-05
0 0.9996113 0.0003886514
0 0.9998771 0.00012288497
0 0.9999938 6.2417284e-06
0 0.9998938 0.000106260035
0 0.99999356 6.4762353e-06
0 0.9999932 6.8166e-06
0 0.9999925 7.4945724e-06
0 0.9999927 7.272725e-06
0 0.9999876 1.2381492e-05
0 0.99998903 1.09956145e-05
1 2.2909695e-05 0.9999771
1 0.0060473075 0.9939527
1 1.5930511e-05 0.999984
1 1.3483616e-05 0.9999865
0 0.996768 0.00323205
0 0.99805033 0.0019497232
0 0.9992607 0.0007392844
0 0.9691199 0.030880101
0 0.9999925 7.501752e-06
0 0.9999361 6.391966e-05
0 0.9999932 6.837708e-06
0 0.99999356 6.4608626e-06
0 0.99999297 7.0669876e-06
0 0.99999297 7.0306996e-06
0 0.9999927 7.2203275e-06
0 0.9999933 6.6998946e-06
0 0.99999285 7.1040163e-06
0 0.99999213 7.862831e-06
0 0.9999933 6.7290425e-06
0 0.9999918 8.175728e-06
0 0.99999213 7.889067e-06
0 0.9999925 7.466914e-06
0 0.9999931 6.969903e-06
0 0.9999927 7.2320768e-06
0 0.99999344 6.578007e-06
0 0.99999344 6.531362e-06
0 0.9999932 6.7976503e-06
0 0.9972268 0.0027731895
0 0.9990501 0.0009499581
1 0.34621754 0.6537824
0 0.9998704 0.00012951753
0 0.99956006 0.00043996918
1 0.0015897145 0.9984102
0 0.8540367 0.14596334
1 0.22273873 0.7772613
1 0.06799848 0.9320015
1 0.0001371667 0.9998628
0 0.999992 7.941817e-06
0 0.9999924 7.648128e-06
0 0.9999927 7.3035503e-06
1 0.0008116304 0.99918836
1 0.00015751284 0.9998424
1 4.1000287e-05 0.999959
1 0.0013026196 0.99869746
1 0.031445485 0.9685545
0 0.9999918 8.237619e-06
0 0.9999888 1.12322605e-05
0 0.99996805 3.1957297e-05
0 0.9999924 7.686033e-06
0 0.9999889 1.102981e-05
0 0.9999881 1.1923339e-05
0 0.9999856 1.4435794e-05
0 0.9996644 0.00033555416
0 0.9999585 4.1506675e-05
0 0.99992836 7.168594e-05
0 0.9999479 5.2085703e-05
0 0.9999901 9.913411e-06
0 0.99999356 6.450802e-06
0 0.9999919 8.164392e-06
0 0.99999356 6.401938e-06
0 0.9999938 6.227981e-06
0 0.99999225 7.730298e-06
1 1.1990993e-05 0.99998796
1 1.928446e-05 0.9999807
1 1.95176e-05 0.99998045
1 1.0090884e-05 0.99998987
1 2.6560538e-05 0.9999734
0 0.99997747 2.2470877e-05
0 0.9999844 1.5641714e-05
0 0.99999356 6.390233e-06
0 0.9999938 6.2094655e-06
0 0.9999937 6.3723537e-06
0 0.99999356 6.459125e-06
0 0.9999901 9.846552e-06
0 0.9999713 2.8671273e-05
0 0.9998473 0.00015273645
0 0.99982697 0.00017302168
0 0.99996436 3.564051e-05
1 7.9296005e-05 0.9999207
1 0.003768223 0.99623173
1 1.2320644e-05 0.9999877
1 1.1374429e-05 0.9999887
0 0.7522545 0.24774547
0 0.9930595 0.0069404617
0 0.9960257 0.0039742566
0 0.633919 0.36608097
1 0.0002910802 0.99970895
1 2.0248834e-05 0.99997973
1 5.1430496e-05 0.9999486
1 1.0277334e-05 0.99998975
1 1.6180144e-05 0.9999838
0 0.99997294 2.7079037e-05
0 0.99992967 7.034732e-05
0 0.9992391 0.0007609414
0 0.99911994 0.00088000984
0 0.9999299 7.004088e-05
0 0.9995691 0.00043082598
0 0.99994814 5.1870786e-05
1 1.032942e-05 0.9999896
1 1.3006557e-05 0.999987
1 1.6587865e-05 0.99998343
1 1.2631857e-05 0.99998736
1 1.2321513e-05 0.9999877
0 0.99999356 6.4761794e-06
0 0.99999344 6.563475e-06
0 0.9999937 6.2683926e-06
0 0.9999937 6.278133e-06
0 0.99999356 6.378689e-06
0 0.99999356 6.3849884e-06
0 0.99999344 6.514478e-06
0 0.9999937 6.354585e-06
0 0.9999938 6.1848805e-06
0 0.99998724 1.2749129e-05
0 0.99999106 8.918424e-06
0 0.9999926 7.4186482e-06
0 0.9999919 8.069821e-06
0 0.99999344 6.6129473e-06
0 0.99999356 6.4805968e-06
0 0.9999933 6.6617176e-06
0 0.9999937 6.3135208e-06
0 0.9999937 6.358737e-06
0 0.99999356 6.3918424e-06
0 0.99999106 8.968593e-06
0 0.99999094 9.002836e-06
0 0.9999924 7.633816e-06
0 0.99999356 6.3858224e-06
0 0.99999344 6.5088893e-06
1 1.0560033e-05 0.9999894
1 1.09711045e-05 0.99998903
1 1.0897257e-05 0.99998915
1 1.09032035e-05 0.99998915
1 9.920012e-06 0.9999901
0 0.99999344 6.5467652e-06
0 0.99999356 6.4665696e-06
0 0.9999937 6.2914323e-06
0 0.9999938 6.198686e-06
0 0.9999938 6.202967e-06
0 0.9999937 6.268584e-06
0 0.9999932 6.7891187e-06
0 0.9999933 6.625212e-06
0 0.9999933 6.7143883e-06
0 0.9999939 6.13462e-06
0 0.99999285 7.1634627e-06
0 0.9999938 6.214418e-06
0 0.9999938 6.2177915e-06
0 0.9999938 6.2160066e-06
0 0.9999937 6.2696004e-06
0 0.9999938 6.2073104e-06
0 0.99999344 6.5575496e-06
0 0.9999937 6.3731313e-06
0 0.9999938 6.1872283e-06
0 0.9999937 6.333621e-06
0 0.9999938 6.2373847e-06
0 0.9999937 6.274721e-06
0 0.99999356 6.3964517e-06
0 0.9999939 6.121879e-06
0 0.9999933 6.730493e-06
0 0.99999344 6.6045463e-06
0 0.9999925 7.527932e-06
0 0.99999344 6.602153e-06
0 0.99998987 1.0149447e-05
0 0.9999931 6.9144694e-06
0 0.99999297 7.085167e-06
0 0.9999933 6.6209036e-06
1 9.96545e-06 0.99999
1 1.133244e-05 0.9999887
0 0.9999937 6.2606323e-06
0 0.9999907 9.287657e-06
0 0.9999933 6.7251804e-06
0 0.9999933 6.687434e-06
0 0.9999931 6.965617e-06
0 0.99999344 6.5788977e-06
0 0.99999344 6.5509e-06
0 0.8470768 0.15292318
0 0.92798954 0.072010495
0 0.99942195 0.0005780546
0 0.998809 0.0011910611
0 0.997658 0.0023419755
1 1.4705174e-05 0.99998534
1 2.003904e-05 0.99998
1 1.4810503e-05 0.9999852
1 1.6495393e-05 0.99998355
1 1.14924605e-05 0.99998856
1 1.1275058e-05 0.9999887
1 1.1957307e-05 0.9999881
1 1.200335e-05 0.99998796
1 1.0026843e-05 0.99999
0 0.99999356 6.453226e-06
0 0.99999356 6.4263327e-06
0 0.9999937 6.3681982e-06
0 0.9999938 6.160638e-06
0 0.9999937 6.2930285e-06
0 0.9999937 6.2973095e-06
0 0.99999225 7.745102e-06
0 0.9999932 6.803007e-06
0 0.9999926 7.344046e-06
0 0.9999937 6.2924587e-06
0 0.9999919 8.154284e-06
0 0.9999938 6.150236e-06
0 0.9999938 6.223136e-06
0 0.9999938 6.1454575e-06
0 0.9999937 6.2916247e-06
0 0.9999938 6.207867e-06
0 0.99999356 6.4812516e-06
0 0.9999938 6.192429e-06
0 0.9999938 6.203298e-06
0 0.99999356 6.4329984e-06
0 0.9999938 6.2039967e-06
0 0.99999344 6.611024e-06
0 0.99999356 6.3914763e-06
0 0.9999938 6.145358e-06
0 0.9999931 6.952748e-06
0 0.9999933 6.6300154e-06
0 0.9999925 7.488264e-06
0 0.9509248 0.04907524
1 0.2886515 0.71134853
1 0.0009389561 0.99906105
1 0.48769015 0.51230985
0 0.6246777 0.37532225
1 0.091591045 0.90840894
1 0.0011100152 0.99889
1 1.43115485e-05 0.9999857
1 1.1417563e-05 0.99998856
1 9.762083e-06 0.9999902
1 9.371835e-06 0.9999906
1 1.1178229e-05 0.9999888
0 0.99999344 6.578967e-06
0 0.9999938 6.2331387e-06
0 0.99999344 6.571373e-06
0 0.9999937 6.352894e-06
0 0.9999926 7.4048435e-06
1 1.7326982e-05 0.9999827
1 2.4355968e-05 0.9999757
1 2.0213043e-05 0.99997973
1 1.7824064e-05 0.9999821
1 1.2641776e-05 0.99998736
0 0.9999918 8.258661e-06
0 0.9105319 0.08946816
0 0.9999933 6.6670314e-06
0 0.99947804 0.0005219389
0 0.9105319 0.08946816
0 0.9999932 6.7465135e-06
0 0.9999864 1.357424e-05
0 0.99996555 3.4486635e-05
0 0.9999938 6.2565205e-06
0 0.99999225 7.72993e-06
0 0.9999938 6.1892347e-06
0 0.9999938 6.2484646e-06
0 0.99999356 6.3852985e-06
0 0.9999871 1.2826238e-05
0 0.9999908 9.177528e-06
0 0.9999778 2.2192193e-05
0 0.99999344 6.5062704e-06
0 0.9999933 6.7162905e-06
0 0.9999931 6.8653726e-06
0 0.9999931 6.8724876e-06
1 8.231103e-06 0.9999918
1 8.953074e-06 0.99999106
1 1.0808495e-05 0.99998915
1 8.662117e-06 0.9999913
1 8.640706e-06 0.9999914
0 0.9881791 0.011820866
0 0.99997306 2.693866e-05
0 0.9999938 6.2517133e-06
0 0.9999932 6.8311774e-06
0 0.99998736 1.2615149e-05
0 0.9999778 2.2173303e-05
0 0.9999887 1.1337208e-05
0 0.9999881 1.1966319e-05
1 0.00041465944 0.99958533
1 0.0128836 0.9871164
0 0.54397064 0.45602942
1 0.0047049257 0.9952951
1 0.008508953 0.991491
0 0.98598206 0.014018001
0 0.89413285 0.10586717
1 0.016897796 0.98310226
1 8.5640655e-05 0.9999144
1 1.9684694e-05 0.99998033
1 2.0235437e-05 0.99997973
1 1.8321862e-05 0.99998164
1 1.4616921e-05 0.99998534
0 0.99999285 7.1446934e-06
0 0.99997663 2.3381062e-05
0 0.9999925 7.487336e-06
0 0.9991941 0.00080591784
0 0.99991536 8.458312e-05
0 0.99961394 0.0003860511
0 0.9999846 1.5384083e-05
0 0.99997616 2.3880611e-05
0 0.99995625 4.3757987e-05
0 0.99997663 2.330786e-05
0 0.9999279 7.211144e-05
0 0.99989676 0.00010325521
0 0.9999869 1.31679835e-05
0 0.9999932 6.8483264e-06
0 0.99999213 7.838311e-06
0 0.9999852 1.4794579e-05
0 0.99998367 1.6339172e-05
0 0.9999206 7.938377e-05
0 0.9999894 1.0586391e-05
0 0.99998415 1.5891697e-05
0 0.9966023 0.0033977213
0 0.9999826 1.7452106e-05
0 0.99995565 4.437369e-05
0 0.9994344 0.00056560175
0 0.9997372 0.0002628248
0 0.99999356 6.403703e-06
0 0.9999938 6.1817195e-06
0 0.9999938 6.2231716e-06
0 0.9999918 8.185808e-06
0 0.99999356 6.4693027e-06
1 0.012649783 0.98735017
1 0.011661224 0.9883387
1 0.023287911 0.9767121
0 0.9998988 0.00010117865
0 0.99645567 0.0035443755
0 0.9999906 9.458708e-06
0 0.9999938 6.17525e-06
0 0.9999939 6.1295555e-06
0 0.99999344 6.5131117e-06
1 0.10769553 0.8923045
1 0.031475488 0.9685245
0 0.99699485 0.0030051516
0 0.90093464 0.09906534
1 0.00093385245 0.9990662
0 0.9995377 0.00046234197
0 0.97309494 0.026904987
0 0.9997533 0.00024667883
0 0.99973136 0.0002686393
1 9.471942e-06 0.9999906
1 9.700129e-06 0.99999034
1 8.84649e-06 0.9999912
1 9.532347e-06 0.99999046
1 9.126157e-06 0.9999908
0 0.9999937 6.2707245e-06
0 0.99999034 9.673247e-06
0 0.9999933 6.664603e-06
0 0.99999344 6.606045e-06
0 0.9999937 6.310944e-06
0 0.99999356 6.437282e-06
0 0.99999356 6.461971e-06
1 9.807846e-06 0.9999902
1 9.279122e-06 0.9999907
1 9.597988e-06 0.99999034
1 9.2084065e-06 0.9999908
1 8.784044e-06 0.9999912
1 9.560989e-06 0.99999046
0 0.9999933 6.645765e-06
0 0.9999926 7.371594e-06
0 0.9999924 7.581737e-06
0 0.9999925 7.4722566e-06
0 0.9999924 7.623674e-06
0 0.9999925 7.4918e-06
0 0.9999925 7.4546897e-06
1 0.0025785437 0.9974215
0 0.922087 0.077912994
1 0.00014842238 0.9998516
0 0.9912158 0.008784198
1 0.005184949 0.99481505
1 9.301397e-06 0.9999907
1 2.3933711e-05 0.99997604
1 4.190071e-05 0.99995804
1 1.12910475e-05 0.9999887
1 1.00432835e-05 0.99999
1 1.0167467e-05 0.99998987
1 1.0419384e-05 0.9999896
1 1.0571207e-05 0.9999894
0 0.99999344 6.6092844e-06
0 0.99999356 6.438829e-06
0 0.99999 1.00240695e-05
0 0.9999937 6.37047e-06
0 0.9999932 6.8215622e-06
0 0.9999937 6.3239036e-06
0 0.99999356 6.3835087e-06
0 0.9999937 6.3282478e-06
0 0.9999933 6.7298834e-06
0 0.9999937 6.3173034e-06
0 0.99999285 7.1109025e-06
1 9.161491e-06 0.9999908
1 9.557216e-06 0.99999046
1 9.5411515e-06 0.99999046
1 1.0416741e-05 0.9999896
1 9.153788e-06 0.9999908
0 0.9999912 8.836541e-06
0 0.99999213 7.900202e-06
0 0.9999913 8.725693e-06
1 9.185812e-06 0.9999908
1 1.0347986e-05 0.9999896
1 1.3381624e-05 0.99998665
1 1.1328972e-05 0.9999887
1 9.484894e-06 0.99999046
0 0.9999937 6.2963964e-06
0 0.9999931 6.8895224e-06
0 0.9999939 6.1327833e-06
1 1.8777517e-05 0.99998116
1 6.797225e-05 0.99993205
1 1.2383346e-05 0.9999876
1 1.5363541e-05 0.9999846
1 8.282347e-06 0.9999918
0 0.9999882 1.1859584e-05
0 0.9999938 6.175332e-06
0 0.99998283 1.714926e-05
0 0.9999925 7.5340804e-06
0 0.99999356 6.432458e-06
0 0.9999938 6.255733e-06
0 0.9999937 6.2672148e-06
0 0.9999938 6.2101763e-06
0 0.9999933 6.638709e-06
0 0.99999356 6.3974767e-06
0 0.99999344 6.526866e-06
0 0.9999933 6.6274424e-06
0 0.9999938 6.2501867e-06
0 0.99999356 6.416651e-06
0 0.9999937 6.3285793e-06
0 0.99999356 6.4956325e-06
0 0.9999937 6.3234033e-06
0 0.99999356 6.4116225e-06
0 0.9999937 6.273967e-06
0 0.99999344 6.5378676e-06
0 0.9999937 6.2659183e-06
0 0.9999932 6.812057e-06
0 0.9999932 6.814676e-06
0 0.99999344 6.5943627e-06
0 0.99999344 6.5691925e-06
0 0.99999356 6.477903e-06
0 0.9999933 6.6950915e-06
0 0.99999356 6.3987823e-06
0 0.9999933 6.734474e-06
0 0.993867 0.006133048
0 0.94804883 0.05195114
1 0.1836694 0.81633055
1 0.0010543043 0.9989458
1 1.0647231e-05 0.9999894
0 0.5261919 0.47380808
1 3.997881e-05 0.99996006
1 1.5972224e-05 0.999984
1 1.638258e-05 0.99998367
1 1.37983125e-05 0.9999862
0 0.99995804 4.1926687e-05
0 0.9999566 4.333292e-05
0 0.9999932 6.8186937e-06
0 0.9999895 1.0530839e-05
0 0.9999937 6.307394e-06
0 0.9999938 6.215734e-06
0 0.9999931 6.9433854e-06
0 0.9999937 6.35901e-06
0 0.9999931 6.968873e-06
0 0.9999927 7.2675316e-06
0 0.9999926 7.4059953e-06
0 0.9999924 7.588696e-06
0 0.9999938 6.150054e-06
0 0.9999925 7.451648e-06
0 0.9999937 6.294691e-06
0 0.9999938 6.2196477e-06
0 0.9999933 6.626122e-06
0 0.9999913 8.69097e-06
0 0.5261919 0.47380808
0 0.99999356 6.4449355e-06
0 0.99999356 6.3791267e-06
0 0.99999356 6.485914e-06
0 0.9999938 6.14602e-06
0 0.9999939 6.125523e-06
0 0.99999356 6.400626e-06
0 0.9999938 6.2559716e-06
0 0.99999344 6.5173617e-06
0 0.99999344 6.5989616e-06
1 1.3783648e-05 0.9999862
1 1.2690541e-05 0.99998736
1 9.366189e-06 0.9999906
1 2.9442874e-05 0.99997056
1 8.709373e-06 0.9999913
0 0.9999906 9.386943e-06
0 0.9999938 6.230767e-06
0 0.99998355 1.6474796e-05
0 0.9999927 7.2222074e-06
0 0.9999938 6.2173467e-06
0 0.9999937 6.3450957e-06
0 0.9999937 6.272788e-06
0 0.9999938 6.247779e-06
0 0.9999933 6.7119495e-06
0 0.99999344 6.521005e-06
0 0.99999356 6.4825995e-06
0 0.9999937 6.339126e-06
0 0.99999344 6.5114473e-06
0 0.9999938 6.2156037e-06
0 0.9999937 6.295472e-06
0 0.9999932 6.7481087e-06
0 0.9999938 6.194449e-06
0 0.9999938 6.1974097e-06
0 0.9999938 6.168716e-06
0 0.9999937 6.3471834e-06
0 0.9999938 6.239431e-06
0 0.9999933 6.713537e-06
0 0.9999933 6.715964e-06
0 0.9999932 6.783501e-06
0 0.9999933 6.7206925e-06
0 0.99999344 6.510336e-06
0 0.9999933 6.6744233e-06
0 0.99999344 6.54478e-06
0 0.9999931 6.888156e-06
1 1.7080074e-05 0.99998295
1 8.887144e-05 0.99991107
0 0.99999297 6.981185e-06
0 0.9999932 6.754084e-06
0 0.9997583 0.00024166811
0 0.99998784 1.2122392e-05
0 0.99989974 0.000100207806
0 0.99951744 0.00048255964
0 0.99997604 2.4007617e-05
0 0.9999914 8.5426545e-06
0 0.99998856 1.1436874e-05
0 0.99998677 1.3199188e-05
0 0.9999919 8.121378e-06
1 7.973053e-06 0.999992
1 9.1513275e-06 0.9999908
0 0.9999933 6.6658613e-06
0 0.9999937 6.3639363e-06
0 0.9999931 6.9487446e-06
0 0.99999285 7.202248e-06
0 0.9999931 6.8730246e-06
0 0.9999938 6.1686574e-06
0 0.9999938 6.1796623e-06
1 0.449486 0.550514
0 0.9960418 0.003958215
0 0.9886319 0.011368139
1 0.0095118955 0.9904881
1 0.28520873 0.71479124
0 0.99928457 0.0007155004
1 2.0204587e-05 0.99997985
1 0.00025495052 0.9997451
1 1.337925e-05 0.99998665
1 5.1219977e-05 0.99994874
1 1.4502952e-05 0.99998546
0 0.99996185 3.8189253e-05
0 0.9999647 3.5244182e-05
0 0.9999168 8.3196486e-05
0 0.99997985 2.01533e-05
0 0.99998283 1.7155557e-05
0 0.9999895 1.0441207e-05
0 0.9999937 6.2911863e-06
0 0.99998915 1.0830948e-05
0 0.99941754 0.0005825301
1 3.2378666e-05 0.9999676
1 3.9959985e-05 0.99996006
1 1.3297813e-05 0.99998665
1 3.0431627e-05 0.9999696
1 8.840283e-06 0.9999912
0 0.99998295 1.699205e-05
0 0.9999937 6.345743e-06
0 0.9999795 2.0518979e-05
0 0.99999106 8.914649e-06
0 0.9999933 6.701914e-06
0 0.99999356 6.387954e-06
0 0.99999356 6.452248e-06
0 0.9999937 6.3014118e-06
0 0.9999932 6.7966585e-06
0 0.9999932 6.8139416e-06
0 0.9999937 6.3512284e-06
0 0.9999938 6.1763567e-06
0 0.99999344 6.499002e-06
0 0.9999938 6.1754263e-06
0 0.99999344 6.5977215e-06
0 0.9999931 6.901024e-06
0 0.9999937 6.2718427e-06
0 0.9999938 6.2356416e-06
0 0.9999937 6.3309094e-06
0 0.9999933 6.6190923e-06
0 0.9999937 6.313858e-06
0 0.9999932 6.8170743e-06
0 0.9999932 6.835283e-06
0 0.9999933 6.658866e-06
0 0.99999344 6.5625486e-06
0 0.99999356 6.403831e-06
0 0.9999931 6.9404396e-06
0 0.99999356 6.4809797e-06
0 0.99999297 6.9894786e-06
0 0.9858088 0.014191233
0 0.9978605 0.002139477
0 0.9743431 0.025656851
0 0.999426 0.0005740559
1 0.30638188 0.6936181
1 0.001885191 0.9981148
0 0.9993303 0.0006696921
1 0.00010504523 0.999895
0 0.98258775 0.01741229
0 0.67159563 0.32840434
0 0.9999871 1.2912482e-05
0 0.99999344 6.505371e-06
0 0.9999931 6.9700295e-06
0 0.99996674 3.321584e-05
0 0.99999297 7.0876404e-06
0 0.99998283 1.721505e-05
0 0.9999826 1.7427874e-05
0 0.9999939 6.0501875e-06
0 0.9999932 6.740024e-06
0 0.99999344 6.590616e-06
0 0.99999356 6.403202e-06
0 0.9999937 6.2709996e-06
0 0.9999938 6.251373e-06
0 0.9999938 6.2131085e-06
0 0.9999937 6.3431776e-06
0 0.9999939 6.086659e-06
0 0.9999937 6.364726e-06
0 0.99999356 6.433268e-06
0 0.9999937 6.298246e-06
0 0.9999938 6.241782e-06
0 0.9999938 6.2366234e-06
0 0.9999938 6.2501813e-06
0 0.9999939 6.0853595e-06
0 0.9999938 6.186933e-06
1 0.03990937 0.9600907
1 0.10518484 0.8948152
0 0.9969591 0.0030409708
0 0.99948704 0.0005129605
0 0.8722584 0.12774153
1 8.753105e-06 0.9999913
1 9.67535e-06 0.99999034
1 8.945632e-06 0.99999106
1 9.043116e-06 0.99999094
1 9.40979e-06 0.9999906
0 0.9999932 6.766985e-06
0 0.9999933 6.690777e-06
0 0.99999344 6.508008e-06
0 0.9999933 6.6968028e-06
0 0.9999932 6.830578e-06
0 0.99999285 7.1777135e-06
0 0.9999933 6.7103047e-06
0 0.99999344 6.5515183e-06
0 0.9999931 6.8726577e-06
1 8.847267e-06 0.9999912
0 0.67163473 0.3283652
1 8.572843e-06 0.9999914
1 8.737059e-06 0.9999913
1 8.696185e-06 0.9999913
0 0.9999919 8.059299e-06
0 0.67163473 0.3283652
0 0.99999356 6.495942e-06
0 0.99999356 6.4529127e-06
0 0.9999927 7.3068245e-06
0 0.9999919 8.0908585e-06
0 0.99999297 7.069239e-06
0 0.99999166 8.333227e-06
0 0.67163473 0.3283652
0 0.9999925 7.515408e-06
0 0.99999344 6.590666e-06
0 0.9999937 6.295688e-06
1 9.372444e-06 0.9999906
1 9.201348e-06 0.9999908
1 1.0470722e-05 0.9999895
1 9.211296e-06 0.9999908
1 9.867184e-06 0.9999901
0 0.9999937 6.300853e-06
0 0.99999285 7.167207e-06
0 0.9999939 6.06618e-06
0 0.99999344 6.5636e-06
0 0.9999932 6.819084e-06
0 0.9999938 6.1658457e-06
0 0.9999938 6.2403833e-06
0 0.99999356 6.411451e-06
0 0.9999938 6.1573255e-06
0 0.9999937 6.2648487e-06
0 0.9999939 6.126084e-06
1 0.35026675 0.64973325
1 0.067291155 0.93270886
1 0.00015568131 0.9998443
1 0.0010092893 0.9989907
1 0.0008997032 0.9991003
0 0.9999167 8.3339815e-05
0 0.99997866 2.1373651e-05
0 0.9999925 7.481212e-06
0 0.9998795 0.00012055718
0 0.9982697 0.0017302673
0 0.98924094 0.010759091
1 7.526824e-05 0.9999248
1 0.33089826 0.6691018
1 0.00019741456 0.99980265
1 3.72696e-05 0.9999627
1 0.00059547287 0.99940455
1 1.0725764e-05 0.9999893
1 1.1433156e-05 0.99998856
1 1.2632822e-05 0.99998736
0 0.9999938 6.228278e-06
0 0.99999356 6.4507035e-06
0 0.99998796 1.2095579e-05
0 0.9999927 7.2668527e-06
0 0.99998546 1.455877e-05
0 0.9999714 2.864179e-05
0 0.99998796 1.2070273e-05
0 0.9999919 8.144989e-06
0 0.9999858 1.4174187e-05
1 0.2035852 0.79641485
0 0.53055376 0.4694462
1 0.012022883 0.9879771
1 0.004020931 0.9959791
1 0.011287611 0.98871243
0 0.998481 0.001518983
0 0.9985703 0.0014296611
0 0.9967499 0.0032501782
0 0.9961281 0.0038718951
0 0.91046655 0.08953348
1 0.040561613 0.95943844
1 0.040043462 0.9599565
1 0.16803372 0.8319663
1 0.007756322 0.9922437
0 0.68078744 0.31921253
0 0.5162731 0.48372692
0 0.53055376 0.4694462
0 0.9999902 9.751458e-06
0 0.9999856 1.4403725e-05
0 0.99998176 1.8219998e-05
0 0.9999299 7.005431e-05
1 0.0031852876 0.99681467
1 0.008661078 0.99133897
1 6.307262e-05 0.99993694
1 5.257666e-05 0.9999474
1 0.00042920234 0.9995708
0 0.657407 0.34259298
0 0.97767276 0.022327308
0 0.998696 0.0013039557
0 0.9999912 8.848212e-06
0 0.9999907 9.30161e-06
0 0.99998903 1.1000985e-05
1 8.205097e-06 0.9999918
1 8.267361e-06 0.9999918
1 8.956234e-06 0.99999106
1 8.351756e-06 0.99999166
1 8.479159e-06 0.99999154
0 0.9999932 6.7874093e-06
0 0.9999933 6.6335065e-06
0 0.9999895 1.0473888e-05
0 0.99999297 7.048874e-06
0 0.99994814 5.1827614e-05
0 0.9999933 6.720077e-06
0 0.9999932 6.757518e-06
0 0.99994814 5.1827614e-05
0 0.9999937 6.264257e-06
0 0.9999937 6.2784798e-06
1 9.969575e-06 0.99999
1 9.574915e-06 0.99999046
1 7.991429e-06 0.999992
0 0.99997544 2.4580957e-05
0 0.9998784 0.000121562625
0 0.99999285 7.137658e-06
0 0.9999908 9.1898255e-06
0 0.9999747 2.5258856e-05
0 0.9999896 1.0354452e-05
0 0.524025 0.47597498
0 0.5297707 0.4702293
0 0.99286807 0.007131976
0 0.5058511 0.49414888
0 0.72535044 0.27464956
0 0.9999924 7.636612e-06
0 0.9495195 0.05048052
0 0.9999862 1.3821175e-05
0 0.9999862 1.3841252e-05
0 0.9999876 1.2428434e-05
0 0.6599139 0.34008607
0 0.5297707 0.4702293
0 0.9440385 0.055961464
0 0.5058511 0.49414888
0 0.85256976 0.14743021
0 0.98395604 0.016043926
0 0.9984326 0.0015674238
0 0.9790197 0.020980278
0 0.9999932 6.8447152e-06
0 0.999985 1.5032e-05
0 0.9999925 7.5032044e-06
0 0.9999933 6.7295564e-06
0 0.9989207 0.0010793349
0 0.99999034 9.625065e-06
0 0.99999344 6.5384043e-06
0 0.9999938 6.220122e-06
0 0.9999937 6.362832e-06
0 0.99999297 7.0031165e-06
0 0.99999356 6.439873e-06
0 0.99998975 1.0276884e-05
0 0.9999863 1.37447305e-05
0 0.99998546 1.45822405e-05
0 0.9999925 7.4765976e-06
0 0.9999918 8.2777115e-06
0 0.9999931 6.934664e-06
0 0.9999832 1.685837e-05
0 0.9999926 7.4367754e-06
0 0.9999938 6.173212e-06
0 0.9999938 6.2513313e-06
0 0.9999938 6.2548143e-06
0 0.9999931 6.9131106e-06
0 0.9999937 6.3668745e-06
0 0.99969006 0.0003099511
0 0.99998415 1.5802892e-05
0 0.9999504 4.959436e-05
0 0.9996592 0.00034087882
0 0.9986014 0.0013986523
0 0.9999186 8.1373306e-05
0 0.99992836 7.167924e-05
0 0.99980277 0.00019723616
0 0.9999869 1.3082117e-05
0 0.99999166 8.3495015e-06
0 0.9999924 7.6052584e-06
0 0.9999919 8.060145e-06
0 0.9999937 6.299579e-06
0 0.99999297 7.0162055e-06
0 0.999992 7.982684e-06
0 0.9999932 6.7901155e-06
0 0.99999344 6.5818094e-06
0 0.99998474 1.5270842e-05
0 0.9999887 1.1380929e-05
0 0.9999932 6.8177314e-06
0 0.9999907 9.345374e-06
0 0.9999938 6.180028e-06
0 0.9999926 7.4067652e-06
0 0.9999937 6.3399966e-06
0 0.9999938 6.222887e-06
0 0.9999938 6.176098e-06
0 0.99978036 0.00021964719
0 0.9999888 1.12573525e-05
0 0.9999871 1.2915881e-05
0 0.99998224 1.7732495e-05
0 0.9999747 2.5287683e-05
0 0.9999789 2.111224e-05
0 0.9988029 0.0011970424
0 0.9349642 0.065035865
0 0.99722445 0.002775596
0 0.99580044 0.0041995454
0 0.99410135 0.005898585
0 0.9999702 2.9771523e-05
0 0.9998697 0.00013031135
0 0.9999856 1.4381846e-05
0 0.9999927 7.229333e-06
0 0.9999914 8.562482e-06
0 0.99738663 0.0026133722
0 0.9495195 0.05048052
0 0.9689818 0.031018179
0 0.9570502 0.04294983
0 0.9993716 0.0006284108
0 0.99998903 1.0947483e-05
0 0.99999213 7.852527e-06
0 0.99999344 6.5380677e-06
0 0.9999931 6.8687914e-06
0 0.9999875 1.2461889e-05
0 0.9999906 9.366278e-06
0 0.99999297 7.0727656e-06
0 0.9959144 0.004085603
0 0.9999902 9.715645e-06
0 0.99999034 9.684656e-06
0 0.99999285 7.1339427e-06
0 0.99997675 2.3259901e-05
0 0.9999881 1.1875847e-05
0 0.9996325 0.00036751092
0 0.9982583 0.0017416799
0 0.9999927 7.260036e-06
0 0.99998605 1.3967673e-05
0 0.9999913 8.656608e-06
0 0.9999908 9.1217535e-06
0 0.9999875 1.2469283e-05
0 0.99999356 6.4217197e-06
0 0.9999933 6.6959983e-06
0 0.9999933 6.6221164e-06
0 0.9999924 7.630257e-06
0 0.99999356 6.3856883e-06
0 0.9999939 6.1021888e-06
0 0.9999938 6.1983314e-06
0 0.9999938 6.1478436e-06
0 0.9999927 7.289661e-06
0 0.9999927 7.3275014e-06
0 0.99999225 7.695405e-06
0 0.9999933 6.729453e-06
0 0.99986005 0.00013996028
0 0.9999895 1.0528911e-05
0 0.9999924 7.662043e-06
0 0.99999046 9.536129e-06
0 0.9999895 1.0477915e-05
0 0.9999912 8.8493425e-06
0 0.9998709 0.000129062
0 0.9654105 0.034589544
1 1.9730871e-05 0.9999802
1 0.0010781586 0.9989219
0 0.9999534 4.6606125e-05
0 0.999597 0.00040302583
0 0.99992096 7.903239e-05
0 0.9999703 2.9700062e-05
0 0.9999875 1.2493627e-05
0 0.99999094 9.094896e-06
0 0.99664825 0.0033516877
0 0.9998234 0.00017663446
0 0.9999738 2.624232e-05
0 0.99992216 7.782745e-05
0 0.9999857 1.42844265e-05
0 0.99998 2.0059288e-05
0 0.99997056 2.9458351e-05
0 0.99998915 1.0788702e-05
0 0.9999862 1.3810214e-05
0 0.9999685 3.1463784e-05
0 0.99995184 4.811549e-05
1 3.296497e-05 0.999967
1 0.49862304 0.5013769
1 1.7570661e-05 0.9999825
1 1.964046e-05 0.99998033
1 1.643732e-05 0.99998355
0 0.9999938 6.254492e-06
0 0.9999938 6.1869155e-06
0 0.99999344 6.5111676e-06
0 0.999926 7.401714e-05
1 0.49862304 0.5013769
0 0.99998033 1.960982e-05
0 0.9999845 1.5555137e-05
0 0.9999738 2.6274372e-05
0 0.99999356 6.446239e-06
0 0.99999356 6.4554974e-06
0 0.9999937 6.3381767e-06
0 0.9999937 6.2676518e-06
0 0.9999938 6.192305e-06
0 0.99999344 6.5077907e-06
0 0.9999937 6.305794e-06
0 0.9999933 6.69423e-06
0 0.9999938 6.2036293e-06
0 0.9999927 7.275812e-06
0 0.9999895 1.0486052e-05
0 0.99999344 6.527756e-06
0 0.99999344 6.615136e-06
0 0.99999356 6.4088226e-06
0 0.99999344 6.5865815e-06
0 0.9999938 6.234958e-06
0 0.9999938 6.2063637e-06
0 0.9999925 7.456169e-06
0 0.99999297 7.0910883e-06
0 0.9999939 6.1355563e-06
0 0.99998975 1.0279922e-05
0 0.9999939 6.108139e-06
0 0.9999938 6.1812243e-06
0 0.9999937 6.342809e-06
0 0.99999344 6.52536e-06
0 0.9999938 6.1537503e-06
0 0.9999939 6.117449e-06
0 0.99999344 6.5661357e-06
1 9.669825e-06 0.99999034
1 9.614056e-06 0.99999034
0 0.67437446 0.32562554
1 9.226857e-06 0.9999908
1 9.592004e-06 0.99999046
1 8.987353e-06 0.99999106
0 0.99999356 6.476037e-06
0 0.99999356 6.431213e-06
0 0.99999356 6.4156475e-06
0 0.99999356 6.463845e-06
0 0.99999356 6.429655e-06
0 0.99999356 6.4527217e-06
0 0.9999933 6.640824e-06
0 0.99998844 1.1576411e-05
0 0.9999932 6.7575374e-06
0 0.9999938 6.2165104e-06
0 0.9999938 6.228207e-06
0 0.99999356 6.386937e-06
0 0.9999937 6.366571e-06
0 0.99999356 6.4758333e-06
0 0.99999356 6.393951e-06
0 0.67437446 0.32562554
0 0.99999344 6.572789e-06
0 0.9999933 6.663084e-06
0 0.99999344 6.5121053e-06
0 0.9999932 6.745413e-06
0 0.99999356 6.4316237e-06
0 0.67437446 0.32562554
0 0.9999931 6.8777713e-06
0 0.99999344 6.57955e-06
0 0.9999937 6.322101e-06
0 0.99999297 7.0826263e-06
0 0.9999933 6.652975e-06
0 0.9999932 6.784652e-06
0 0.9999932 6.7878427e-06
0 0.99999356 6.4253463e-06
0 0.99998844 1.1576411e-05
1 7.983096e-06 0.999992
1 8.6593e-06 0.9999913
1 8.003388e-06 0.999992
1 8.23034e-06 0.9999918
1 8.417219e-06 0.99999154
0 0.9999938 6.203216e-06
0 0.9999938 6.2406393e-06
0 0.9999938 6.1918504e-06
1 5.3056054e-05 0.99994695
1 0.0019049377 0.9980951
0 0.99992216 7.783221e-05
0 0.99986684 0.00013308316
0 0.99607134 0.003928652
0 0.9999175 8.2524384e-05
0 0.68916684 0.3108331
0 0.9993381 0.0006618478
0 0.99992454 7.546012e-05
0 0.9999784 2.1632111e-05
0 0.9992205 0.0007795489
0 0.9977621 0.0022378562
0 0.9999938 6.16981e-06
0 0.9999933 6.7261362e-06
0 0.9999938 6.230203e-06
0 0.9999882 1.1850551e-05
0 0.99999344 6.567914e-06
0 0.99999285 7.1603345e-06
0 0.9999924 7.5978346e-06
0 0.9999932 6.8485483e-06
0 0.9998995 0.000100462305
0 0.9998796 0.00012035513
0 0.99998224 1.7732935e-05
0 0.9993179 0.0006821566
0 0.9999715 2.8520526e-05
0 0.99999225 7.8035255e-06
0 0.9999461 5.385016e-05
0 0.99999356 6.40837e-06
0 0.9999932 6.819461e-06
0 0.9999925 7.5230237e-06
0 0.9999937 6.3016464e-06
0 0.9999937 6.304099e-06
0 0.9999939 6.0480934e-06
0 0.9999919 8.093775e-06
0 0.9999937 6.30387e-06
0 0.9999937 6.3128705e-06
0 0.99999213 7.902862e-06
0 0.9999927 7.310205e-06
0 0.9999759 2.4130142e-05
0 0.9999927 7.3139777e-06
0 0.99999154 8.41685e-06
0 0.99999297 7.051725e-06
1 1.7757236e-05 0.99998224
1 9.315565e-06 0.9999907
1 8.914802e-06 0.99999106
1 1.131159e-05 0.9999887
1 1.039586e-05 0.9999896
0 0.9999938 6.16941e-06
0 0.99999344 6.557481e-06
0 0.9999938 6.246671e-06
0 0.99999344 6.6056423e-06
0 0.9999933 6.641457e-06
0 0.9999863 1.3742422e-05
0 0.99999285 7.104937e-06
0 0.9999918 8.262482e-06
0 0.9999924 7.6014726e-06
0 0.9999938 6.162918e-06
0 0.99999344 6.540313e-06
0 0.99999356 6.473394e-06
0 0.9999937 6.324127e-06
0 0.9999938 6.228266e-06
0 0.9999752 2.483977e-05
0 0.99884355 0.0011564692
0 0.9999933 6.6225584e-06
0 0.9999759 2.4130142e-05
0 0.99999297 6.997169e-06
0 0.99999297 6.9901985e-06
0 0.9999932 6.8031954e-06
0 0.9999931 6.951614e-06
0 0.9999933 6.719026e-06
0 0.9999932 6.7535366e-06
0 0.9877751 0.012224878
1 0.4432712 0.5567288
0 0.9827209 0.017279128
1 0.00080615666 0.99919385
1 0.28105262 0.7189474
0 0.9998368 0.00016321894
0 0.9999677 3.2282995e-05
0 0.99998343 1.65561e-05
0 0.9999683 3.174083e-05
0 0.99991 9.0042835e-05
0 0.9994234 0.00057668024
0 0.87535185 0.12464818
0 0.9806435 0.01935644
0 0.9843336 0.015666382
0 0.95963347 0.040366586
0 0.9999875 1.2480765e-05
0 0.99991 9.0042835e-05
0 0.9999771 2.2898817e-05
0 0.99739945 0.0026005558
1 0.49728844 0.50271153
0 0.9999527 4.731773e-05
0 0.9998697 0.00013027582
1 9.690532e-06 0.99999034
1 1.0875528e-05 0.99998915
0 0.9999528 4.7204157e-05
1 1.1145445e-05 0.9999889
0 0.9999628 3.7169048e-05
0 0.99999094 9.09219e-06
1 0.003955127 0.9960448
1 0.00016695482 0.999833
1 9.492077e-06 0.99999046
1 9.714887e-06 0.99999034
0 0.99999344 6.5272516e-06
0 0.99999356 6.4861365e-06
0 0.99999344 6.581157e-06
0 0.99999356 6.443436e-06
0 0.9999939 6.1358014e-06
0 0.99999356 6.457425e-06
0 0.99999344 6.5047443e-06
0 0.9999896 1.0426869e-05
0 0.99998355 1.6451371e-05
0 0.9999862 1.3877824e-05
1 1.1701012e-05 0.9999883
1 0.0011916959 0.99880826
1 1.057755e-05 0.9999894
1 1.4964088e-05 0.999985
1 1.1343188e-05 0.9999887
0 0.9999937 6.284644e-06
0 0.9999938 6.1653755e-06
0 0.99999356 6.4693645e-06
0 0.9999938 6.2349463e-06
0 0.99999225 7.697974e-06
0 0.9999938 6.2464865e-06
0 0.9999938 6.244813e-06
0 0.99999356 6.492957e-06
0 0.9999857 1.4352621e-05
0 0.9999939 6.1228598e-06
0 0.9999175 8.24749e-05
0 0.99998355 1.6444455e-05
0 0.9999937 6.269301e-06
0 0.99915886 0.0008411947
0 0.9999871 1.2872129e-05
0 0.9999821 1.7904324e-05
0 0.99950457 0.00049539114
0 0.9999931 6.8788804e-06
0 0.99999344 6.5217514e-06
0 0.99999356 6.492604e-06
0 0.99999356 6.441451e-06
0 0.9999937 6.369377e-06
1 0.05602351 0.94397646
1 0.0011773356 0.9988226
0 0.9999666 3.3330263e-05
0 0.99992216 7.783688e-05
0 0.99999166 8.3155865e-06
0 0.99997914 2.0854623e-05
0 0.9999838 1.61732e-05
0 0.99996424 3.570647e-05
0 0.99997425 2.578876e-05
0 0.99999225 7.695551e-06
0 0.99999344 6.577668e-06
0 0.9999937 6.3368834e-06
0 0.99998915 1.0811485e-05
0 0.99999344 6.5033732e-06
0 0.999938 6.2019506e-05
0 0.99998236 1.7668757e-05
0 0.9999845 1.5482912e-05
0 0.99818075 0.0018193187
0 0.6816719 0.31832805
0 0.9919367 0.008063339
0 0.999065 0.0009350125
0 0.9999902 9.816473e-06
0 0.9999275 7.246735e-05
0 0.9999938 6.2170143e-06
0 0.99998343 1.661367e-05
0 0.9999939 6.1093974e-06
0 0.99999154 8.517056e-06
0 0.9999789 2.1078702e-05
0 0.9999938 6.1778064e-06
0 0.9999938 6.1724354e-06
0 0.9999938 6.1586056e-06
0 0.9999939 6.1314904e-06
0 0.9999938 6.2324134e-06
0 0.9999895 1.0469535e-05
0 0.9999864 1.3612172e-05
0 0.76376814 0.23623186
0 0.98525256 0.014747357
0 0.99980754 0.0001925434
0 0.9998523 0.00014769912
0 0.9998995 0.00010053726
1 0.002751546 0.9972485
1 0.19203776 0.80796224
1 0.030889582 0.9691104
1 0.4128464 0.58715355
0 0.608447 0.39155295
0 0.9999933 6.6279927e-06
0 0.9999931 6.915577e-06
0 0.9999933 6.6964835e-06
0 0.9999931 6.8899167e-06
0 0.99999356 6.464301e-06
0 0.9999932 6.780312e-06
0 0.99999344 6.6106586e-06
0 0.9999926 7.342813e-06
0 0.9999933 6.681034e-06
0 0.9999932 6.8487248e-06
0 0.9999937 6.37681e-06
0 0.9999937 6.3533853e-06
0 0.99999344 6.568685e-06
0 0.9999933 6.659558e-06
0 0.9999932 6.8371673e-06
0 0.9999931 6.9133152e-06
0 0.99999356 6.4772353e-06
0 0.9999933 6.686847e-06
0 0.9999933 6.6410707e-06
0 0.99999344 6.556468e-06
0 0.9999933 6.667845e-06
0 0.99999356 6.452168e-06
0 0.9999931 6.8916847e-06
0 0.9999932 6.7704455e-06
0 0.9999933 6.6361386e-06
0 0.99999285 7.175661e-06
0 0.99997306 2.6899486e-05
0 0.9993755 0.00062444585
0 0.92988986 0.070110105
0 0.9036569 0.09634308
0 0.98598653 0.014013439
0 0.99999344 6.547883e-06
0 0.9999937 6.2747326e-06
0 0.9999932 6.743194e-06
0 0.9999937 6.3767066e-06
0 0.99999356 6.4012725e-06
0 0.9999937 6.298546e-06
0 0.9999846 1.542972e-05
0 0.9999931 6.866015e-06
0 0.9999938 6.2015242e-06
0 0.9999938 6.212214e-06
0 0.9999858 1.4191011e-05
0 0.7988015 0.2011985
1 0.00045737025 0.9995427
0 0.7988015 0.2011985
1 0.003181369 0.99681866
1 0.048881985 0.95111805
0 0.99764097 0.002359104
0 0.9999927 7.2130388e-06
0 0.9999926 7.4354703e-06
1 0.0005582641 0.9994417
1 0.0030613586 0.9969387
1 0.006628768 0.99337125
1 0.088672906 0.91132706
1 0.07229591 0.92770404
0 0.99997926 2.070783e-05
0 0.99999297 7.0782244e-06
0 0.99999213 7.8678495e-06
0 0.9998271 0.00017296182
0 0.73207176 0.26792827
0 0.62515676 0.37484324
0 0.73240143 0.26759857
0 0.9985195 0.0014804982
0 0.9943674 0.0056326175
0 0.9999776 2.2361166e-05
0 0.9999937 6.330837e-06
0 0.99999285 7.139782e-06
1 5.2589752e-05 0.9999474
1 2.1727423e-05 0.9999783
1 0.0045684334 0.99543154
1 0.000117917625 0.9998821
1 2.889785e-05 0.99997115
0 0.9821536 0.01784644
0 0.9354368 0.06456321
1 0.0021965485 0.9978034
1 0.00024066238 0.9997594
0 0.99536693 0.004633068
0 0.9833313 0.016668675
0 0.9462774 0.053722627
1 0.027994182 0.97200584
0 0.5015102 0.4984898
1 0.00040000892 0.9996
0 0.5005042 0.4994958
1 1.512922e-05 0.99998486
1 2.4584288e-05 0.99997544
1 1.3472627e-05 0.9999865
0 0.99970406 0.00029589588
0 0.5005042 0.4994958
0 0.99995124 4.8713933e-05
0 0.9999906 9.429733e-06
0 0.999987 1.301028e-05
0 0.9999933 6.6427488e-06
0 0.9999937 6.2605304e-06
0 0.99999356 6.470654e-06
0 0.9999937 6.371369e-06
0 0.9999933 6.7019396e-06
0 0.99991655 8.3451065e-05
0 0.99992394 7.6043136e-05
0 0.9999478 5.217658e-05
0 0.99998534 1.465697e-05
1 0.0055371625 0.9944628
1 0.0009807659 0.99901927
1 0.015598079 0.984402
1 0.06886167 0.9311383
1 0.17109169 0.8289083
1 0.0011985325 0.99880147
1 0.014107272 0.9858927
1 0.0011555123 0.9988445
1 0.00028629863 0.9997137
0 0.99998856 1.1471371e-05
0 0.9999875 1.2538985e-05
0 0.9999932 6.7354554e-06
0 0.999992 7.938038e-06
0 0.99998856 1.14952445e-05
0 0.9999913 8.698267e-06
0 0.75311667 0.24688332
0 0.9850294 0.014970631
0 0.99999297 7.0840993e-06
0 0.99999225 7.7100085e-06
0 0.9999918 8.199951e-06
0 0.99999154 8.482775e-06
0 0.9999925 7.4999707e-06
0 0.9999918 8.166518e-06
0 0.99999213 7.885366e-06
0 0.99999094 9.041883e-06
0 0.9999728 2.7212876e-05
0 0.999962 3.7997514e-05
0 0.9999379 6.21219e-05
1 0.00011237364 0.9998876
1 5.8789898e-05 0.99994123
0 0.9999906 9.416244e-06
0 0.99998975 1.0201381e-05
0 0.99999154 8.439113e-06
0 0.9999933 6.7297547e-06
0 0.9999918 8.234588e-06
0 0.9999933 6.705008e-06
0 0.9999869 1.314244e-05
0 0.9999895 1.0434408e-05
0 0.9999931 6.921271e-06
0 0.9999927 7.304693e-06
0 0.9999919 8.123052e-06
0 0.99999285 7.176701e-06
0 0.9999918 8.220692e-06
0 0.99999285 7.1754966e-06
0 0.99999344 6.5676763e-06
0 0.99999344 6.5195995e-06
1 0.119963184 0.88003683
1 0.13448845 0.86551154
0 0.98027647 0.019723497
0 0.9999471 5.288733e-05
0 0.99999213 7.872457e-06
0 0.99997425 2.5761181e-05
1 0.0005820772 0.9994179
1 0.0009266325 0.9990734
1 0.010131506 0.9898685
0 0.99993753 6.250446e-05
0 0.9997409 0.000259138
1 1.0829265e-05 0.99998915
1 1.0709789e-05 0.9999893
1 1.6265467e-05 0.9999838
1 1.3336994e-05 0.99998665
1 1.0724619e-05 0.9999893
0 0.9999075 9.243929e-05
0 0.9999906 9.367635e-06
0 0.99999344 6.5530867e-06
0 0.9999902 9.785163e-06
0 0.9999918 8.255086e-06
0 0.9999937 6.3171947e-06
0 0.9999938 6.1624364e-06
0 0.9999939 6.128521e-06
0 0.99999356 6.390708e-06
0 0.9999906 9.460044e-06
1 0.0015285254 0.99847144
1 0.24085991 0.7591401
1 0.011674587 0.9883255
0 0.93059134 0.06940863
0 0.9591918 0.04080824
1 0.0025767442 0.9974233
0 0.967157 0.03284306
0 0.9999907 9.333805e-06
0 0.99999154 8.480251e-06
0 0.9999906 9.441584e-06
0 0.999982 1.7966753e-05
0 0.9999887 1.136415e-05
0 0.9999912 8.877449e-06
0 0.999969 3.0982344e-05
0 0.999987 1.293432e-05
0 0.9999764 2.3591328e-05
0 0.9999826 1.7374969e-05
0 0.999951 4.9009865e-05
0 0.9999099 9.006353e-05
0 0.9999851 1.4897565e-05
0 0.99998736 1.2657953e-05
0 0.99999106 8.935817e-06
0 0.99933916 0.0006608482
0 0.9997696 0.00023041973
0 0.9999423 5.7674086e-05
0 0.99993837 6.1600294e-05
0 0.9999882 1.1772129e-05
0 0.9999845 1.5440504e-05
0 0.99802494 0.0019750812
1 4.434822e-05 0.99995565
1 3.0697916e-05 0.99996924
1 2.2626302e-05 0.99997735
1 0.00011300183 0.999887
0 0.9999933 6.6790462e-06
0 0.99999356 6.3905013e-06
0 0.9999937 6.3755024e-06
0 0.9999932 6.8229156e-06
0 0.9999865 1.3414383e-05
0 0.9999927 7.254257e-06
0 0.9999924 7.671387e-06
0 0.99999297 7.005361e-06
0 0.99999344 6.61279e-06
0 0.9999932 6.785215e-06
0 0.9999925 7.4900927e-06
0 0.9999902 9.731456e-06
0 0.9999896 1.03801485e-05
0 0.9999902 9.801488e-06
0 0.9999927 7.3243364e-06
0 0.99998546 1.4554301e-05
0 0.99998546 1.4541231e-05
0 0.999982 1.798846e-05
0 0.99999344 6.609108e-06
1 1.8860108e-05 0.99998116
1 1.1476908e-05 0.99998856
1 9.1142625e-05 0.9999088
1 5.2898024e-05 0.9999471
1 1.4834506e-05 0.9999852
0 0.8704619 0.12953809
0 0.9635597 0.036440298
1 0.0032913943 0.99670863
1 0.0002088385 0.9997912
1 0.058084868 0.94191515
1 0.0021814154 0.9978186
1 0.00033834568 0.9996617
0 0.95326144 0.04673853
0 0.99905306 0.00094691827
0 0.9999896 1.0382406e-05
0 0.9999833 1.6669645e-05
0 0.9999709 2.9086716e-05
0 0.99990165 9.833054e-05
0 0.9999924 7.59246e-06
0 0.9999919 8.070898e-06
0 0.99999285 7.17213e-06
0 0.9999927 7.2269745e-06
0 0.9999925 7.557482e-06
0 0.99999213 7.832527e-06
0 0.99998236 1.763835e-05
0 0.99980205 0.0001980046
0 0.9999726 2.7452208e-05
0 0.9999634 3.6607198e-05
0 0.99997294 2.7118525e-05
1 1.4832356e-05 0.9999852
1 2.5101377e-05 0.99997485
1 2.1302349e-05 0.99997866
1 8.682454e-06 0.9999913
1 8.697221e-06 0.9999913
1 9.284841e-06 0.9999907
1 9.050777e-06 0.99999094
1 9.533847e-06 0.99999046
0 0.99999154 8.477195e-06
0 0.99998736 1.2682834e-05
0 0.99999094 9.108055e-06
0 0.99998105 1.8920024e-05
0 0.9999932 6.81096e-06
0 0.9999931 6.935603e-06
0 0.9999924 7.637311e-06
0 0.9999937 6.373849e-06
0 0.9999938 6.203452e-06
0 0.9999937 6.345168e-06
0 0.99999356 6.448932e-06
1 1.8651232e-05 0.9999814
1 1.1850833e-05 0.9999882
0 0.99999034 9.59678e-06
0 0.9999933 6.6843986e-06
0 0.99999166 8.298443e-06
0 0.9999932 6.7677593e-06
0 0.99999356 6.436171e-06
0 0.99999356 6.412185e-06
0 0.9999937 6.2600648e-06
0 0.9999937 6.3571915e-06
0 0.9999933 6.6521507e-06
0 0.99999344 6.502114e-06
0 0.99999344 6.538385e-06
0 0.9999937 6.325912e-06
0 0.99999285 7.130909e-06
0 0.99999213 7.898854e-06
1 1.03487755e-05 0.9999896
1 0.00039018338 0.9996099
1 8.808728e-05 0.9999119
1 1.8717998e-05 0.9999813
0 0.99992263 7.735318e-05
0 0.99983335 0.00016662433
0 0.9999938 6.2222343e-06
0 0.9999932 6.7518235e-06
1 8.981296e-06 0.99999106
1 8.820309e-06 0.9999912
1 9.228116e-06 0.9999908
1 8.828723e-06 0.9999912
1 8.680566e-06 0.9999913
0 0.99999285 7.1518994e-06
0 0.99999297 6.9816842e-06
0 0.99999213 7.814986e-06
0 0.9999932 6.8359477e-06
0 0.99999225 7.700815e-06
0 0.99999356 6.474469e-06
0 0.9999933 6.680346e-06
0 0.9999931 6.9001944e-06
0 0.9999932 6.7711553e-06
0 0.99999344 6.590622e-06
0 0.9999933 6.6690154e-06
0 0.9999937 6.330137e-06
0 0.99999356 6.4327405e-06
0 0.99999356 6.406684e-06
0 0.99999297 7.0673645e-06
0 0.99999356 6.416039e-06
0 0.99999297 7.0315914e-06
0 0.99999285 7.1573713e-06
0 0.9999932 6.770264e-06
0 0.99999297 7.075336e-06
0 0.9999933 6.7130504e-06
0 0.9999933 6.7186547e-06
0 0.9999937 6.264986e-06
0 0.9999937 6.35613e-06
0 0.9999932 6.752738e-06
0 0.9999933 6.690317e-06
0 0.9999932 6.821393e-06
0 0.9999933 6.6496073e-06
0 0.9999933 6.727169e-06
0 0.9999926 7.4082272e-06
0 0.99999285 7.1373315e-06
0 0.99999285 7.203196e-06
0 0.9999931 6.9454054e-06
0 0.99999285 7.193942e-06
0 0.9999931 6.866604e-06
0 0.9999933 6.651174e-06
0 0.9999937 6.361801e-06
0 0.9999933 6.6343987e-06
0 0.9999932 6.7935152e-06
0 0.9999932 6.823898e-06
1 2.5438443e-05 0.9999746
1 2.2355624e-05 0.9999776
1 4.347398e-05 0.9999565
1 2.7395667e-05 0.9999726
1 1.7922433e-05 0.9999821
0 0.9999924 7.680083e-06
0 0.99990654 9.3410104e-05
0 0.9999938 6.1904393e-06
0 0.99999356 6.4491414e-06
0 0.9999938 6.230524e-06
0 0.9999938 6.218467e-06
0 0.9999937 6.3159e-06
0 0.9999931 6.953153e-06
0 0.9999871 1.2877777e-05
0 0.99998796 1.2039176e-05
0 0.999992 7.999885e-06
0 0.9999924 7.668184e-06
0 0.99999106 8.991751e-06
0 0.99990654 9.3410104e-05
0 0.9999932 6.8015997e-06
0 0.9999938 6.2142994e-06
0 0.9999629 3.7027996e-05
0 0.9999938 6.1634705e-06
0 0.9999938 6.216629e-06
0 0.9999937 6.3354514e-06
0 0.9999938 6.2058193e-06
0 0.9999938 6.258394e-06
0 0.9999932 6.8523573e-06
0 0.9999857 1.4332432e-05
0 0.9999931 6.959196e-06
0 0.9999938 6.2379913e-06
0 0.99999213 7.854805e-06
1 0.00075202266 0.99924797
1 0.012704622 0.98729545
1 3.3305518e-05 0.99996674
1 3.3944052e-05 0.999966
1 2.7639348e-05 0.99997234
0 0.9603354 0.0396647
1 0.3971042 0.6028958
1 0.40370905 0.59629095
1 0.21551566 0.7844843
0 0.90095055 0.099049464
1 0.3136844 0.6863156
1 0.021231165 0.9787689
0 0.9648839 0.035116144
0 0.81723404 0.18276598
0 0.9998204 0.00017959115
0 0.9604848 0.039515246
0 0.7711457 0.22885422
0 0.99996734 3.2646272e-05
0 0.99998903 1.097952e-05
0 0.9999931 6.9457164e-06
0 0.99999285 7.122461e-06
0 0.9999924 7.6778715e-06
0 0.9999932 6.752751e-06
0 0.99999356 6.452334e-06
0 0.9999938 6.174361e-06
0 0.9999937 6.2616355e-06
0 0.99999356 6.486124e-06
0 0.9999937 6.3483944e-06
0 0.9999937 6.3444236e-06
0 0.9999856 1.4409866e-05
0 0.9999939 6.1037604e-06
0 0.9999901 9.898871e-06
0 0.9999914 8.636851e-06
0 0.9999933 6.7128517e-06
0 0.9999938 6.1801634e-06
0 0.9999933 6.670822e-06
0 0.9999862 1.3830274e-05
0 0.9999937 6.2646577e-06
0 0.9999937 6.2810786e-06
0 0.9999939 6.124466e-06
0 0.9999938 6.1564447e-06
0 0.9999939 6.1128017e-06
0 0.9999938 6.1739897e-06
0 0.99999356 6.455602e-06
0 0.9999939 6.135661e-06
0 0.99999356 6.4595683e-06
0 0.9999937 6.27496e-06
0 0.99997103 2.8974095e-05
0 0.9999914 8.633178e-06
0 0.99998486 1.5083192e-05
0 0.9999906 9.436993e-06
1 8.262353e-05 0.9999174
1 4.8868125e-05 0.9999511
1 2.2135504e-05 0.9999778
1 2.8447643e-05 0.9999715
1 2.2980086e-05 0.999977
0 0.99999356 6.4530172e-06
0 0.99999356 6.3845678e-06
1 1.0682441e-05 0.9999893
1 9.463093e-06 0.9999906
1 9.466812e-06 0.9999906
1 1.0536332e-05 0.9999895
1 9.7667025e-06 0.9999902
0 0.99998784 1.2165288e-05
0 0.99999225 7.7466975e-06
0 0.9999932 6.8524355e-06
0 0.9999933 6.622874e-06
0 0.99999344 6.511944e-06
0 0.99999356 6.4554797e-06
0 0.9999937 6.316556e-06
0 0.9999933 6.6766775e-06
0 0.9999937 6.316556e-06
0 0.99999285 7.1561835e-06
0 0.9999937 6.316556e-06
1 9.357663e-06 0.9999907
1 1.3604606e-05 0.9999864
1 1.2268023e-05 0.9999877
1 9.714081e-06 0.99999034
0 0.99999 9.973531e-06
0 0.9999937 6.2965164e-06
0 0.9999937 6.2846802e-06
0 0.9999908 9.171132e-06
0 0.9999937 6.259181e-06
0 0.99999356 6.480189e-06
0 0.99999094 9.115345e-06
0 0.99999213 7.870979e-06
0 0.99999297 7.0725296e-06
1 0.0032600702 0.9967399
1 1.2332634e-05 0.9999877
1 2.6605612e-05 0.9999734
1 1.6340482e-05 0.99998367
1 1.2664704e-05 0.99998736
0 0.9999697 3.0293973e-05
0 0.99984324 0.00015677743
1 9.421275e-06 0.9999906
1 9.362557e-05 0.9999064
1 8.574331e-06 0.9999914
1 8.480486e-06 0.99999154
1 1.2845715e-05 0.9999871
0 0.9999739 2.612155e-05
0 0.99988246 0.00011753034
0 0.99999356 6.402738e-06
0 0.99999154 8.405266e-06
1 0.00016304223 0.9998369
1 8.0756436e-05 0.9999193
1 0.0004813289 0.99951863
1 3.0742773e-05 0.99996924
1 0.010138755 0.98986125
1 0.0039265407 0.9960735
0 0.9999294 7.060897e-05
0 0.9999938 6.1737655e-06
0 0.9999912 8.842324e-06
0 0.9999852 1.4821481e-05
0 0.9999939 6.0475113e-06
0 0.9999938 6.2526674e-06
0 0.9999932 6.8440236e-06
0 0.9999932 6.8101995e-06
0 0.99997926 2.0685151e-05
1 8.528832e-05 0.99991465
1 9.0385656e-05 0.99990964
1 0.00024939107 0.99975055
1 2.9255967e-05 0.9999708
1 3.9988878e-05 0.99996006
0 0.9999635 3.6458296e-05
0 0.9999776 2.2407856e-05
0 0.9999907 9.3078925e-06
0 0.9999888 1.1177612e-05
0 0.9999908 9.237283e-06
0 0.99999285 7.1310656e-06
0 0.99999344 6.521067e-06
0 0.99976104 0.00023895851
0 0.99725395 0.0027460572
0 0.99998283 1.719136e-05
0 0.9995277 0.00047227243
0 0.99996877 3.1249678e-05
1 3.4261633e-05 0.9999658
1 2.391329e-05 0.99997604
1 1.0105935e-05 0.99998987
1 1.0233577e-05 0.99998975
1 1.437695e-05 0.9999856
1 1.0280128e-05 0.99998975
1 1.11117915e-05 0.9999889
0 0.9727384 0.027261661
0 0.9999932 6.7891633e-06
0 0.9999939 6.1246005e-06
0 0.9999918 8.267732e-06
0 0.9999932 6.7832807e-06
0 0.9999939 6.1318588e-06
0 0.9996278 0.0003721304
1 0.18299215 0.8170079
0 0.9999937 6.263815e-06
0 0.99998426 1.579146e-05
1 0.0006949086 0.9993051
1 0.038663268 0.96133673
1 0.00012337741 0.9998766
1 0.00316979 0.99683017
1 6.3092055e-05 0.99993694
0 0.98528486 0.014715098
1 0.2693943 0.7306057
1 0.00010907536 0.9998909
1 0.00016622427 0.9998337
1 0.013273627 0.9867264
1 1.3429359e-05 0.9999865
1 9.019468e-05 0.99990976
0 0.99998975 1.0280079e-05
0 0.99998915 1.0905574e-05
0 0.9999925 7.5504868e-06
0 0.9999938 6.1988753e-06
0 0.99999356 6.472814e-06
0 0.9999875 1.2479015e-05
0 0.99999356 6.395256e-06
0 0.9999895 1.0504769e-05
0 0.99999344 6.569944e-06
1 1.3353934e-05 0.99998665
1 9.440991e-06 0.9999906
1 9.611306e-06 0.99999034
1 2.628089e-05 0.9999738
0 0.9999914 8.590922e-06
0 0.99999285 7.1810964e-06
0 0.9999932 6.7675787e-06
0 0.99999356 6.4653736e-06
0 0.9999918 8.251269e-06
0 0.9999933 6.6990447e-06
1 8.263869e-06 0.9999918
1 1.38020505e-05 0.9999862
1 8.385556e-06 0.99999166
1 8.078491e-06 0.9999919
1 8.115765e-06 0.9999919
0 0.99999297 7.0078736e-06
0 0.99999356 6.449135e-06
0 0.99999356 6.4401065e-06
0 0.9999932 6.7540645e-06
0 0.9999937 6.3707434e-06
0 0.9999751 2.4966757e-05
0 0.9999888 1.1171526e-05
0 0.99995184 4.8133894e-05
0 0.999992 8.00732e-06
0 0.9999856 1.4428981e-05
1 9.596395e-06 0.99999034
1 9.891813e-06 0.9999901
1 9.818064e-06 0.9999902
1 8.458653e-06 0.99999154
1 9.242137e-06 0.9999907
0 0.9999932 6.8271333e-06
0 0.99999225 7.6988845e-06
0 0.9999902 9.8049095e-06
0 0.9999666 3.343191e-05
0 0.9999907 9.277371e-06
0 0.9999925 7.469392e-06
1 0.08990956 0.9100905
0 0.9997838 0.0002161686
0 0.9999913 8.659201e-06
0 0.9999925 7.535769e-06
1 0.00064649404 0.99935347
0 0.9999745 2.5471772e-05
0 0.7740753 0.22592469
0 0.59541976 0.4045802
1 9.620768e-05 0.9999038
1 0.00014386178 0.9998561
1 8.546981e-05 0.9999145
0 0.80741876 0.19258124
0 0.9574797 0.04252031
1 0.10613985 0.8938601
0 0.9993166 0.00068343984
0 0.9986865 0.0013134681
0 0.99984646 0.00015346696
1 0.00019629773 0.9998037
1 1.1282083e-05 0.9999887
1 1.1660386e-05 0.9999883
1 1.1076644e-05 0.9999889
1 1.1943995e-05 0.9999881
0 0.999969 3.1019717e-05
0 0.9999107 8.926767e-05
0 0.9999937 6.3028606e-06
0 0.9999926 7.4340023e-06
0 0.99998724 1.2810299e-05
0 0.9999925 7.529742e-06
0 0.9999931 6.9475186e-06
1 9.751644e-06 0.9999902
1 1.952324e-05 0.99998045
1 9.126086e-06 0.9999908
1 1.0774401e-05 0.9999893
0 0.66506857 0.3349314
0 0.99999213 7.828853e-06
0 0.9999931 6.8786376e-06
0 0.9999938 6.2412523e-06
0 0.9999938 6.2250715e-06
0 0.9999933 6.6739776e-06
0 0.9999933 6.6472608e-06
0 0.9999937 6.280067e-06
0 0.9999938 6.207613e-06
0 0.9999938 6.174437e-06
1 9.124798e-06 0.9999908
1 1.183729e-05 0.9999882
1 8.837164e-06 0.9999912
1 8.866534e-06 0.9999912
1 1.0571721e-05 0.9999894
0 0.9999931 6.8729196e-06
0 0.9999933 6.6650605e-06
0 0.99999356 6.457031e-06
0 0.9999931 6.9648668e-06
0 0.9999913 8.647119e-06
0 0.99999356 6.470629e-06
0 0.99998987 1.0169503e-05
0 0.9999938 6.249794e-06
0 0.99999344 6.589227e-06
0 0.9999938 6.2481604e-06
0 0.9999937 6.2953277e-06
0 0.9999938 6.1691753e-06
0 0.9999933 6.642014e-06
0 0.9999938 6.200093e-06
0 0.9999939 6.1328647e-06
0 0.9999932 6.814793e-06
0 0.99999285 7.1239488e-06
0 0.9999938 6.2007903e-06
0 0.9999933 6.6834364e-06
0 0.99999356 6.388838e-06
0 0.9999937 6.352852e-06
1 8.192173e-06 0.9999918
1 8.04527e-06 0.999992
1 8.1391645e-06 0.9999919
1 8.132478e-06 0.9999919
0 0.9999933 6.6936996e-06
0 0.99999213 7.906557e-06
0 0.9999894 1.0663866e-05
0 0.9999938 6.250533e-06
0 0.99999356 6.422338e-06
0 0.9999937 6.324754e-06
0 0.99999356 6.413433e-06
0 0.9999937 6.2984136e-06
1 1.6043728e-05 0.9999839
1 2.580473e-05 0.99997425
1 1.3502481e-05 0.9999865
1 1.4425788e-05 0.9999856
1 1.29092805e-05 0.9999871
0 0.999992 7.9450965e-06
0 0.9999125 8.7453605e-05
0 0.9999938 6.161367e-06
0 0.99999344 6.552168e-06
0 0.9999938 6.2321046e-06
0 0.9999938 6.1571727e-06
0 0.9999937 6.2592526e-06
0 0.99999356 6.4854935e-06
0 0.99999344 6.503888e-06
0 0.9999914 8.612012e-06
0 0.99999356 6.487696e-06
0 0.99999356 6.393658e-06
0 0.99999297 7.069913e-06
0 0.9999125 8.7453605e-05
0 0.9999937 6.3585494e-06
0 0.9999938 6.2577496e-06
0 0.99999166 8.39957e-06
0 0.9999939 6.135661e-06
0 0.9999938 6.199265e-06
0 0.9999937 6.310523e-06
0 0.9999938 6.2370273e-06
0 0.9999937 6.2879835e-06
0 0.99999344 6.57393e-06
0 0.99999356 6.4734686e-06
0 0.9999938 6.169281e-06
0 0.9999937 6.3035095e-06
0 0.9999937 6.2649265e-06
1 1.1943654e-05 0.9999881
1 1.5973337e-05 0.999984
1 8.831571e-06 0.9999912
1 8.341726e-06 0.99999166
1 8.60945e-06 0.9999914
0 0.99999154 8.518379e-06
0 0.99999213 7.875754e-06
0 0.9999933 6.729479e-06
0 0.9999912 8.780778e-06
0 0.9999927 7.29062e-06
0 0.9999938 6.2400504e-06
0 0.9999938 6.186154e-06
0 0.58145416 0.41854587
1 0.0021884276 0.9978116
1 0.108873695 0.89112633
1 0.21596693 0.78403306
1 0.00019559842 0.99980444
0 0.9999881 1.1909724e-05
0 0.9999894 1.0625331e-05
0 0.9999937 6.284626e-06
0 0.9999881 1.1975453e-05
0 0.9999938 6.2572544e-06
0 0.99999046 9.585347e-06
0 0.9999933 6.697825e-06
0 0.9999738 2.6239944e-05
0 0.9999926 7.4238715e-06
0 0.99999166 8.315191e-06
0 0.9999938 6.218248e-06
0 0.9999938 6.160203e-06
0 0.9999938 6.239752e-06
0 0.9999938 6.2033932e-06
0 0.9999938 6.1650467e-06
1 1.7422157e-05 0.9999826
1 2.0989262e-05 0.999979
1 1.087892e-05 0.99998915
1 2.700296e-05 0.99997294
0 0.9962547 0.003745355
0 0.9995196 0.00048045476
0 0.99127966 0.008720358
0 0.9995678 0.0004322242
0 0.99990344 9.657185e-05
1 0.20090333 0.79909664
1 0.0015569779 0.99844307
0 0.94550633 0.0544937
1 0.11933652 0.8806635
0 0.9209043 0.079095766
0 0.9995066 0.0004934427
0 0.99742657 0.002573398
