1 0.0008259656 0.99917406
1 0.003157233 0.99684274
1 0.0010837524 0.99891627
1 0.00092552684 0.99907446
1 0.00091755344 0.99908245
0 0.9994974 0.00050259056
0 0.9997322 0.00026781124
0 0.9989993 0.0010007614
0 0.99757296 0.0024270907
0 0.9997956 0.00020441021
1 0.0071311723 0.99286884
0 0.50631326 0.49368674
1 0.0035556923 0.9964443
1 0.0037793682 0.99622065
1 0.0025170685 0.99748296
0 0.9644591 0.035540897
0 0.50631326 0.49368674
0 0.9844498 0.015550239
0 0.9907259 0.009274057
0 0.9995024 0.0004975209
0 0.9994135 0.0005864732
0 0.9994992 0.000500803
0 0.999129 0.0008710033
0 0.99959546 0.00040456402
1 0.057506252 0.94249374
1 0.025309753 0.9746902
1 0.14535671 0.8546432
1 0.072142385 0.9278576
1 0.15079233 0.84920764
0 0.767721 0.23227899
1 0.12033162 0.87966835
0 0.994449 0.005550938
0 0.9885029 0.011497073
0 0.99065125 0.009348684
0 0.9929248 0.007075145
0 0.99702954 0.0029704224
0 0.85190797 0.14809209
0 0.9913607 0.008639226
0 0.9848496 0.01515046
0 0.7632329 0.23676708
0 0.97759104 0.022408936
0 0.99979955 0.00020051339
0 0.99972254 0.00027749338
0 0.9997961 0.0002038971
0 0.99960285 0.0003971177
0 0.9997092 0.0002907765
1 0.0038100916 0.99618983
1 0.49608156 0.50391847
1 0.010577957 0.989422
1 0.00051964953 0.9994804
1 0.0008968992 0.9991032
0 0.99935347 0.00064648787
0 0.997092 0.002907997
0 0.9990012 0.0009988454
0 0.9982311 0.00176886
0 0.9997197 0.00028026762
0 0.9999075 9.2500486e-05
0 0.9999317 6.835426e-05
0 0.9998117 0.00018829803
0 0.9997801 0.0002199513
0 0.99914086 0.0008591413
1 0.49608156 0.50391847
0 0.99980766 0.00019241474
0 0.99783957 0.0021604295
0 0.999835 0.00016497733
0 0.99995136 4.8690155e-05
0 0.9999511 4.8819496e-05
0 0.99995136 4.863498e-05
0 0.99995375 4.6192494e-05
0 0.99995065 4.9309754e-05
0 0.9999367 6.334888e-05
0 0.99989307 0.00010688512
0 0.99991083 8.9177396e-05
0 0.99983144 0.00016855405
0 0.99991536 8.457722e-05
1 0.0068543316 0.9931457
1 0.0055989977 0.99440104
1 0.0097617265 0.99023825
1 0.03601688 0.9639831
1 0.035373587 0.9646264
0 0.9765261 0.023473892
1 0.10564701 0.894353
0 0.99958116 0.00041880624
0 0.9988366 0.0011634479
0 0.99915755 0.0008424296
0 0.9995048 0.0004952234
0 0.9997435 0.00025650437
0 0.9702672 0.029732788
0 0.99615604 0.0038439347
0 0.997521 0.0024790415
0 0.98990345 0.010096552
0 0.96758157 0.032418407
0 0.99993 6.992203e-05
0 0.9999337 6.633381e-05
0 0.99993396 6.6010274e-05
0 0.9999229 7.707728e-05
0 0.99992836 7.1644936e-05
1 0.00023996059 0.9997601
0 0.6048121 0.3951879
1 0.00023212553 0.99976784
1 0.00028384035 0.9997161
1 0.00024771257 0.99975234
0 0.99986625 0.00013375936
0 0.6048121 0.3951879
0 0.9999198 8.024304e-05
0 0.99992204 7.798012e-05
0 0.9998789 0.00012105955
0 0.99992716 7.278045e-05
0 0.99992836 7.160778e-05
0 0.99972516 0.00027482727
0 0.6048121 0.3951879
0 0.99992 8.00251e-05
0 0.9999417 5.826175e-05
0 0.99992967 7.03749e-05
1 0.003635477 0.99636453
1 0.0077037713 0.99229616
0 0.9933687 0.006631381
0 0.9990194 0.0009805869
1 0.012940947 0.987059
1 0.0007385105 0.99926144
0 0.9993476 0.00065239763
0 0.9959431 0.004056811
0 0.51518834 0.4848116
0 0.9950814 0.0049185883
0 0.9994642 0.00053583365
0 0.99964964 0.0003502931
1 0.00021607958 0.99978393
0 0.59305227 0.4069477
1 0.0002261914 0.9997738
1 0.00024835602 0.9997516
1 0.00021285731 0.99978715
0 0.9999088 9.124298e-05
0 0.59305227 0.4069477
0 0.9999293 7.07099e-05
0 0.9999331 6.686269e-05
0 0.99989104 0.00010893856
0 0.9999336 6.634341e-05
0 0.9999449 5.51268e-05
0 0.9997769 0.00022316856
0 0.59305227 0.4069477
0 0.99993455 6.5500986e-05
0 0.9999467 5.3317974e-05
0 0.9999256 7.4366995e-05
1 0.0005134879 0.99948645
1 0.00037712092 0.9996228
1 0.00068045215 0.99931955
1 0.0002578512 0.9997421
1 0.0002195469 0.9997805
0 0.9988702 0.0011297254
0 0.99846494 0.0015351031
0 0.99555176 0.0044482467
0 0.992622 0.0073779575
0 0.9991437 0.00085626036
0 0.9997758 0.00022423372
0 0.9990853 0.00091473747
0 0.99911493 0.00088506663
0 0.99961805 0.00038193565
0 0.9997279 0.00027209806
0 0.9996419 0.00035808995
1 0.18528327 0.8147167
0 0.9940181 0.005981869
0 0.9974679 0.0025321275
0 0.89135206 0.10864792
0 0.9602444 0.03975552
0 0.9292485 0.070751466
0 0.8997275 0.100272454
1 0.07962022 0.92037976
1 0.26635018 0.73364985
1 0.022520797 0.97747916
1 0.06664702 0.933353
1 0.059769418 0.94023055
1 0.00031219528 0.9996878
1 0.00046338147 0.99953663
1 0.0003432951 0.9996567
1 0.00039091657 0.99960905
0 0.9998448 0.00015513567
0 0.9999143 8.571827e-05
0 0.9998857 0.00011430688
0 0.999933 6.704633e-05
0 0.99987245 0.00012759375
0 0.99992144 7.85713e-05
0 0.9998883 0.00011172274
0 0.99994326 5.6742418e-05
0 0.99985933 0.00014062916
0 0.99983513 0.00016487984
1 7.0249116e-05 0.9999298
1 6.406098e-05 0.999936
1 7.446138e-05 0.9999255
1 5.35048e-05 0.9999465
1 6.0425504e-05 0.99993956
1 5.496234e-05 0.99994504
0 0.99995303 4.6916575e-05
0 0.99995387 4.6102636e-05
0 0.9999552 4.4801352e-05
0 0.9999572 4.2832267e-05
0 0.9999542 4.574593e-05
0 0.9999535 4.650313e-05
0 0.99995506 4.493935e-05
1 0.010647853 0.98935217
1 0.0030815923 0.99691844
1 0.0017352098 0.99826485
1 0.0011686027 0.99883145
1 0.0017092508 0.9982907
0 0.99454933 0.005450606
0 0.9993249 0.00067511445
0 0.93807447 0.06192555
0 0.99541914 0.004580915
0 0.976489 0.023510976
1 0.016106887 0.98389316
1 0.023659438 0.9763406
1 0.022369092 0.9776309
1 0.0039630453 0.99603695
1 0.0031374195 0.99686265
0 0.99588794 0.0041120257
0 0.99061465 0.009385392
0 0.94802684 0.051973104
0 0.9595012 0.040498804
0 0.99508446 0.004915523
0 0.99895203 0.0010479934
0 0.9963097 0.0036902344
0 0.9966544 0.0033455514
0 0.9988512 0.0011487725
0 0.99887365 0.0011263015
0 0.9982273 0.0017727137
0 0.58748245 0.41251758
0 0.9790725 0.02092746
0 0.9916216 0.008378433
1 0.001031848 0.9989681
1 0.003309971 0.99669003
1 0.0032334574 0.99676657
1 0.0015743215 0.9984257
1 0.0020606725 0.9979393
0 0.9996935 0.00030648435
0 0.9995952 0.00040482404
0 0.99972135 0.0002786825
0 0.9997354 0.0002645797
0 0.999456 0.0005440167
0 0.64850914 0.35149086
0 0.9251058 0.07489419
0 0.861671 0.1383291
0 0.5960167 0.4039833
0 0.83681184 0.1631881
0 0.8611464 0.13885361
0 0.94075525 0.059244778
0 0.923522 0.07647803
0 0.892378 0.107622035
0 0.9329987 0.067001335
1 0.00040613365 0.9995939
1 0.0015790941 0.99842095
1 0.00032851848 0.99967146
1 0.0004565213 0.9995435
1 0.0005638992 0.9994361
0 0.99990463 9.541464e-05
0 0.9996393 0.00036077262
0 0.9999312 6.8807814e-05
0 0.9999299 7.012088e-05
0 0.9999304 6.958352e-05
0 0.9997093 0.0002906373
0 0.9996222 0.00037770811
0 0.9997732 0.000226827
0 0.9993444 0.00065552135
1 0.14403683 0.85596323
1 0.2569396 0.7430604
1 0.21009056 0.7899095
0 0.99874794 0.001252081
0 0.9976991 0.0023008655
0 0.9279958 0.07200422
0 0.77903277 0.22096725
1 0.344714 0.65528595
0 0.80873364 0.19126637
0 0.9392704 0.06072959
0 0.9934823 0.006517696
0 0.9898004 0.010199577
0 0.99990714 9.2854694e-05
0 0.9996971 0.00030295204
0 0.99807477 0.0019252637
0 0.965475 0.03452492
0 0.97278625 0.02721379
0 0.998973 0.0010270106
0 0.99694675 0.0030532877
0 0.9999044 9.561575e-05
0 0.9996867 0.00031333734
0 0.99944216 0.0005578637
0 0.99924016 0.00075989
0 0.9999261 7.392523e-05
0 0.9989976 0.0010024222
0 0.98717135 0.01282864
0 0.9996024 0.0003976547
0 0.99966466 0.00033539106
0 0.99980766 0.0001923331
0 0.9846895 0.015310495
0 0.99941826 0.00058178825
1 0.0060457313 0.99395424
1 0.0370949 0.9629051
1 0.0039454275 0.99605453
0 0.99987316 0.00012681526
0 0.99983466 0.00016526796
0 0.9966838 0.003316263
0 0.99936694 0.0006331076
0 0.9975648 0.0024352646
0 0.9988961 0.0011038022
0 0.99374133 0.00625859
0 0.9993561 0.00064392004
0 0.998833 0.001167002
0 0.9999448 5.517729e-05
0 0.9998754 0.00012457685
0 0.9999318 6.8169e-05
0 0.9997744 0.00022563977
0 0.9992291 0.0007709538
0 0.999928 7.2016264e-05
0 0.99989617 0.00010379085
0 0.9999443 5.5712044e-05
0 0.99993646 6.3577165e-05
0 0.9999329 6.716868e-05
0 0.9999324 6.7558605e-05
0 0.99994826 5.174924e-05
0 0.9998684 0.00013161484
0 0.9985185 0.0014815377
0 0.9999145 8.550054e-05
0 0.99994004 6.001685e-05
0 0.9999422 5.783767e-05
0 0.9997626 0.00023737868
0 0.9999349 6.503623e-05
1 0.0375268 0.96247315
1 0.057602696 0.9423973
1 0.007687113 0.99231285
1 0.01713649 0.9828635
1 0.007624821 0.9923752
0 0.9998109 0.00018910985
0 0.9967603 0.0032396752
0 0.9989336 0.001066322
0 0.9967603 0.0032396752
0 0.9990921 0.0009079498
0 0.9970253 0.0029746762
0 0.9986327 0.0013672379
0 0.9996511 0.00034889486
0 0.99983454 0.00016538147
0 0.9995364 0.00046366692
0 0.9998889 0.00011104871
0 0.99905914 0.0009408295
0 0.99968314 0.0003168789
0 0.99984443 0.00015553205
0 0.9995338 0.00046623615
0 0.99932754 0.00067248323
1 0.00057735277 0.99942267
1 0.0006906685 0.9993093
1 0.0003157676 0.9996842
1 0.00036726202 0.9996327
0 0.9997279 0.00027212268
0 0.99974066 0.00025934266
0 0.99968207 0.0003179929
0 0.9999232 7.679278e-05
0 0.999811 0.00018907183
0 0.9999192 8.0859696e-05
0 0.99986887 0.00013112428
0 0.9999348 6.519308e-05
0 0.9998099 0.00019008173
0 0.9997912 0.00020886656
1 6.931761e-05 0.9999306
1 6.253695e-05 0.9999374
1 7.686794e-05 0.9999231
1 5.434588e-05 0.99994564
1 5.778199e-05 0.9999422
1 5.715565e-05 0.9999429
0 0.99995744 4.2574404e-05
0 0.99995446 4.5498677e-05
0 0.99995553 4.4427463e-05
0 0.99995697 4.3023934e-05
0 0.9999542 4.5753997e-05
0 0.9999542 4.5740995e-05
0 0.9999552 4.477e-05
1 0.041021645 0.9589784
1 0.032754622 0.9672454
1 0.018530201 0.98146987
1 0.1390331 0.8609669
1 0.05639968 0.94360036
0 0.98618233 0.013817641
0 0.98555607 0.014443887
0 0.97489935 0.025100635
0 0.9578578 0.042142205
0 0.97534436 0.024655689
0 0.9996239 0.00037607978
0 0.99993217 6.7817185e-05
0 0.99920577 0.00079421635
0 0.99823254 0.0017675187
0 0.9995165 0.00048356067
0 0.99775356 0.002246452
0 0.9990754 0.00092462305
0 0.9982951 0.0017048385
0 0.99819833 0.0018016788
0 0.9971425 0.0028575095
0 0.9983021 0.0016978388
0 0.99852234 0.0014776742
0 0.99991775 8.2292565e-05
0 0.9982399 0.0017601623
1 0.32988966 0.67011034
1 0.26046446 0.73953557
1 0.23072319 0.7692768
0 0.57684904 0.42315096
1 0.45204347 0.5479565
0 0.9998173 0.0001826776
0 0.9995258 0.00047417602
0 0.9998789 0.00012111625
0 0.9998486 0.00015139204
0 0.9998423 0.00015764506
0 0.9995926 0.0004073719
0 0.99960965 0.0003904079
0 0.9998741 0.00012581769
0 0.99991834 8.1623635e-05
0 0.9997595 0.00024048689
0 0.9997718 0.0002282789
0 0.99950516 0.0004948034
0 0.99987364 0.00012630392
0 0.9994808 0.0005192227
0 0.9985838 0.0014162584
0 0.9998971 0.00010286438
0 0.9996834 0.00031668108
0 0.9997873 0.0002127307
0 0.99980587 0.00019420094
0 0.9999193 8.070016e-05
0 0.99991345 8.6560125e-05
0 0.99355537 0.006444566
0 0.9998785 0.00012144515
0 0.99985766 0.00014236181
0 0.99993956 6.0457667e-05
0 0.9999403 5.9666916e-05
0 0.95532495 0.044675007
0 0.985216 0.0147840055
0 0.71812123 0.28187874
0 0.99919695 0.0008030813
0 0.9994823 0.0005177241
0 0.9966216 0.0033783924
0 0.9998765 0.00012354317
0 0.9998921 0.00010783607
0 0.99994636 5.358307e-05
0 0.99993336 6.6592635e-05
0 0.9929629 0.0070371265
0 0.9887995 0.0112005705
0 0.99994624 5.3736843e-05
0 0.9999417 5.8260477e-05
0 0.999951 4.903376e-05
0 0.9999529 4.7135385e-05
0 0.99994624 5.372229e-05
0 0.9999417 5.8260477e-05
1 0.15942247 0.8405775
0 0.6120795 0.38792056
1 0.19855198 0.801448
0 0.69043165 0.30956835
0 0.52146316 0.47853687
0 0.9526657 0.047334272
0 0.965175 0.034825057
0 0.80542487 0.1945751
1 0.10522616 0.8947739
1 0.10262622 0.8973738
0 0.9411543 0.058845762
1 0.039869417 0.9601306
0 0.99993896 6.1070736e-05
0 0.9999291 7.093034e-05
0 0.99994254 5.7453744e-05
0 0.9999218 7.814821e-05
0 0.99994206 5.7908746e-05
0 0.999925 7.5003416e-05
0 0.99993813 6.183642e-05
0 0.999816 0.00018399129
0 0.9999169 8.313447e-05
0 0.9999318 6.823196e-05
0 0.9935742 0.006425822
0 0.97486 0.025140004
0 0.977809 0.022190968
0 0.9787596 0.021240408
0 0.9320672 0.06793273
0 0.971178 0.02882207
0 0.9801294 0.01987061
0 0.9940999 0.00590009
0 0.9951179 0.0048821475
0 0.9977976 0.0022024014
0 0.96561253 0.03438755
0 0.9931473 0.0068526403
0 0.9999262 7.378888e-05
0 0.9999343 6.567492e-05
0 0.9920231 0.007976852
0 0.99794203 0.002057909
0 0.99988496 0.000114969655
0 0.99991643 8.3556886e-05
1 0.0069904733 0.99300957
1 0.019421672 0.9805783
1 0.0042898003 0.99571025
1 0.0028269028 0.9971731
1 0.0066208974 0.9933791
0 0.99973017 0.00026984734
0 0.99922025 0.0007797495
0 0.99755895 0.0024410333
0 0.99607486 0.003925161
0 0.9929634 0.0070367064
1 0.00070573477 0.9992943
1 0.00064811466 0.9993519
1 0.0025370822 0.99746287
1 0.0016595094 0.9983405
1 0.00072618265 0.99927384
0 0.99993646 6.348107e-05
0 0.9999279 7.2070325e-05
0 0.9999206 7.940966e-05
0 0.9999323 6.771954e-05
0 0.9999311 6.890971e-05
0 0.9998815 0.000118426724
0 0.99992967 7.0338e-05
0 0.9998242 0.00017583274
0 0.9996793 0.00032065605
0 0.97268707 0.027312879
0 0.99949384 0.00050616334
0 0.99313486 0.006865179
1 0.18028693 0.81971306
1 0.44473058 0.5552694
1 0.46148002 0.53852
1 0.17593062 0.82406944
1 0.14872414 0.8512759
0 0.9919119 0.008088055
0 0.9948095 0.0051904316
0 0.9996196 0.00038031774
0 0.99904186 0.00095808686
0 0.9997553 0.000244622
0 0.9999428 5.724325e-05
0 0.9999454 5.464944e-05
0 0.9999474 5.261418e-05
0 0.99994516 5.478024e-05
0 0.9999497 5.029875e-05
0 0.9999572 4.2809563e-05
0 0.9999558 4.4195644e-05
0 0.9999331 6.681929e-05
0 0.9999527 4.7357193e-05
0 0.9999558 4.4278666e-05
0 0.99994564 5.4347176e-05
0 0.99995184 4.817674e-05
0 0.9999485 5.1506322e-05
0 0.9999496 5.0388626e-05
0 0.9999486 5.14176e-05
0 0.9999558 4.420323e-05
0 0.999943 5.702281e-05
0 0.9999509 4.9159837e-05
0 0.9999546 4.5451892e-05
0 0.999944 5.60134e-05
0 0.99995506 4.4900622e-05
0 0.99995196 4.8056427e-05
0 0.9999567 4.3289514e-05
0 0.9999567 4.3246477e-05
0 0.9999535 4.6530586e-05
0 0.9999541 4.5864173e-05
1 8.616573e-05 0.9999138
1 8.381562e-05 0.9999162
0 0.5599771 0.44002292
1 8.170361e-05 0.99991834
1 9.162872e-05 0.9999083
1 8.694009e-05 0.9999131
0 0.99989307 0.00010688093
0 0.5599771 0.44002292
0 0.9997595 0.00024053094
0 0.99991405 8.593499e-05
0 0.99994254 5.7479938e-05
0 0.99993515 6.483485e-05
1 0.0029829864 0.997017
1 0.0044884398 0.99551153
1 0.005448874 0.9945511
1 0.0022896542 0.99771035
1 0.0034663854 0.99653363
0 0.9983209 0.001679136
0 0.99935645 0.0006435013
0 0.9945215 0.0054785316
0 0.9960632 0.003936824
0 0.99793196 0.0020680025
1 0.43553102 0.564469
0 0.51869446 0.4813055
1 0.3608742 0.6391258
1 0.41636252 0.58363754
0 0.5295245 0.47047544
0 0.8629323 0.13706768
0 0.80216765 0.19783232
0 0.80359304 0.19640695
0 0.99169534 0.008304645
0 0.8121024 0.18789764
0 0.9964889 0.0035111029
0 0.9986212 0.0013787814
0 0.9997172 0.0002828403
0 0.99956745 0.00043254878
0 0.999767 0.00023296275
0 0.9986772 0.0013227724
0 0.986587 0.013412944
0 0.6552754 0.34472463
0 0.83647835 0.1635217
1 0.004891808 0.9951082
0 0.99715185 0.0028481174
0 0.99720985 0.0027901146
0 0.9998202 0.00017986895
0 0.9997204 0.00027958065
0 0.99969876 0.00030123835
0 0.9994536 0.00054635876
0 0.9998441 0.00015587873
0 0.9999474 5.258684e-05
1 7.93656e-05 0.9999206
1 0.00015530679 0.9998447
1 9.615339e-05 0.9999038
1 0.000104346786 0.9998957
1 0.00021763115 0.9997824
0 0.9999491 5.0903473e-05
0 0.9999449 5.5064163e-05
0 0.9999527 4.729802e-05
0 0.9999509 4.9068134e-05
0 0.99995244 4.753881e-05
0 0.99993944 6.0569273e-05
0 0.9999316 6.83761e-05
0 0.9999455 5.445576e-05
0 0.99993956 6.0442333e-05
1 0.33709663 0.6629033
0 0.892503 0.10749703
0 0.5737398 0.42626017
1 0.2542555 0.74574447
1 0.10909333 0.8909067
1 0.38119262 0.6188074
1 0.2225403 0.7774597
1 0.21671718 0.7832828
1 0.1829524 0.8170476
0 0.94864225 0.0513578
0 0.8028096 0.19719045
0 0.9896882 0.010311837
0 0.83834904 0.1616509
0 0.9987851 0.001214896
0 0.9973654 0.002634647
0 0.9984635 0.0015365266
0 0.99233294 0.007667115
0 0.9039894 0.09601069
0 0.99833137 0.001668667
0 0.9995981 0.00040187675
0 0.9936745 0.006325534
0 0.99541134 0.0045887297
0 0.9976878 0.00231213
0 0.9998516 0.00014841148
0 0.99990046 9.950318e-05
0 0.99987805 0.000121884616
0 0.99990904 9.090879e-05
0 0.9999088 9.115723e-05
0 0.99887806 0.0011219206
0 0.892503 0.10749703
0 0.9966875 0.0033125184
0 0.9984798 0.0015202306
0 0.9998418 0.00015815125
0 0.9998429 0.00015711354
0 0.99986804 0.00013200511
0 0.9998499 0.00015001911
0 0.9999076 9.234624e-05
0 0.99985564 0.00014432425
0 0.99992406 7.59325e-05
0 0.9999019 9.806471e-05
0 0.99987006 0.00012997913
0 0.99960643 0.00039363265
0 0.9995981 0.00040187675
0 0.84112155 0.15887849
0 0.8634057 0.13659428
0 0.9995981 0.000401986
0 0.99969757 0.00030248912
0 0.97146356 0.028536484
0 0.99700385 0.002996193
0 0.999918 8.203385e-05
0 0.9999349 6.505273e-05
0 0.9999194 8.063255e-05
0 0.99992216 7.778487e-05
0 0.99993134 6.8608424e-05
0 0.9998685 0.00013151862
0 0.9999243 7.56932e-05
0 0.9999081 9.186275e-05
0 0.9931028 0.006897251
0 0.9910349 0.00896513
0 0.99270827 0.007291748
0 0.99411196 0.00588809
0 0.9829481 0.017051894
0 0.9998914 0.00010855829
0 0.9998851 0.000114942595
0 0.9998485 0.00015150396
0 0.9999217 7.831435e-05
0 0.9998035 0.00019649773
0 0.9994649 0.0005350727
0 0.99981564 0.00018439541
0 0.99964476 0.00035522538
0 0.9996136 0.00038640603
0 0.9991666 0.0008334531
0 0.9996586 0.00034145484
0 0.99993336 6.664207e-05
0 0.9999305 6.9528476e-05
0 0.99992585 7.4134754e-05
0 0.99991035 8.959138e-05
0 0.999941 5.896074e-05
1 0.1168136 0.8831864
1 0.18584512 0.81415486
1 0.0808738 0.91912615
1 0.020171687 0.9798283
1 0.018942319 0.98105764
0 0.9948484 0.005151689
0 0.97358274 0.026417252
1 0.0043606823 0.9956393
1 0.004221653 0.9957783
1 0.002457909 0.99754214
1 0.0022983055 0.9977017
1 0.001390558 0.9986094
0 0.99993455 6.540517e-05
0 0.99993753 6.249791e-05
0 0.9999318 6.819748e-05
0 0.99990416 9.585768e-05
0 0.9999105 8.956491e-05
0 0.99983454 0.00016541047
0 0.9997583 0.00024165337
0 0.99986935 0.0001306043
0 0.99959785 0.00040217684
0 0.99850535 0.0014947107
0 0.9998919 0.00010810696
0 0.9997154 0.0002845399
0 0.9998858 0.000114159826
0 0.99985754 0.00014239871
0 0.9998429 0.00015712598
0 0.9999316 6.841674e-05
0 0.99989116 0.00010885788
0 0.99992216 7.78449e-05
0 0.9999347 6.533548e-05
0 0.99993944 6.053231e-05
0 0.999818 0.00018194818
0 0.9993926 0.0006073606
0 0.9998828 0.000117173375
0 0.9997625 0.0002375279
0 0.9998621 0.00013794936
0 0.99979 0.00021002702
0 0.9995333 0.0004667449
0 0.9981785 0.0018215125
0 0.9998896 0.00011039306
0 0.9998691 0.00013085
0 0.99981457 0.00018542877
0 0.99971455 0.00028540142
0 0.9998211 0.00017884778
0 0.9996873 0.00031272913
0 0.99981624 0.00018382174
0 0.9998017 0.00019836986
1 0.0019214327 0.9980786
1 0.0014469788 0.998553
1 0.0025578325 0.9974421
1 0.0018327597 0.99816716
1 0.00070018345 0.99929976
0 0.99984443 0.00015557403
0 0.99992096 7.90042e-05
0 0.999933 6.6967536e-05
0 0.9999207 7.931188e-05
0 0.9999087 9.126526e-05
0 0.9971004 0.0028995948
0 0.94399315 0.05600684
0 0.9881942 0.011805781
0 0.99936825 0.00063171407
0 0.99585044 0.004149537
0 0.99992776 7.2192626e-05
0 0.9999521 4.7929287e-05
0 0.99872416 0.0012757897
0 0.99990726 9.2748676e-05
0 0.9999056 9.439697e-05
0 0.9999511 4.8817823e-05
0 0.99992645 7.358474e-05
0 0.99993503 6.499507e-05
0 0.99973994 0.00026004907
0 0.9999051 9.4886585e-05
0 0.99993455 6.546564e-05
0 0.99992764 7.24103e-05
0 0.9998355 0.00016442468
0 0.99987173 0.00012819788
0 0.9999068 9.326681e-05
0 0.99990225 9.771055e-05
0 0.99981374 0.00018630373
1 0.00015817584 0.9998418
1 0.00017781311 0.9998222
1 0.00016201242 0.999838
1 0.0001108107 0.99988914
1 0.00012990541 0.99987006
0 0.5092675 0.49073243
0 0.5503673 0.4496327
1 0.28941172 0.7105883
1 0.47557575 0.5244242
1 0.20082144 0.79917854
0 0.88649166 0.11350837
0 0.8695858 0.13041417
0 0.70629156 0.29370847
0 0.87706506 0.12293496
0 0.5655137 0.43448633
0 0.89192015 0.10807988
0 0.99300647 0.006993512
0 0.8902067 0.10979331
0 0.806221 0.19377895
0 0.9552946 0.044705402
0 0.8990446 0.10095549
0 0.93707466 0.06292534
0 0.849852 0.15014802
0 0.5503673 0.4496327
0 0.58742446 0.41257557
1 0.09736512 0.90263486
1 0.39312482 0.6068752
0 0.58545494 0.41454506
0 0.9497725 0.050227523
0 0.9525391 0.04746087
0 0.98212886 0.017871106
0 0.98814255 0.011857388
0 0.97041625 0.029583747
1 0.19676888 0.80323106
1 0.011669085 0.9883309
1 0.0010542405 0.9989458
1 0.27182028 0.72817975
1 0.0009476525 0.99905235
0 0.9991627 0.00083731656
0 0.98563737 0.014362645
0 0.99864167 0.0013582968
0 0.99871445 0.0012856068
0 0.99874204 0.0012579869
0 0.8219437 0.17805624
0 0.98385644 0.016143516
0 0.9729241 0.027075844
0 0.99325377 0.006746242
0 0.9982601 0.0017399249
1 0.0009780192 0.999022
1 0.0008846492 0.9991153
1 0.0023051188 0.9976949
1 0.00064136344 0.9993586
1 0.0016412133 0.9983588
0 0.9998914 0.00010858396
0 0.9998878 0.000112135356
0 0.99987483 0.00012520075
0 0.999673 0.00032704012
0 0.99991596 8.406175e-05
0 0.9999393 6.069318e-05
0 0.99992764 7.236522e-05
0 0.99994206 5.7888978e-05
0 0.99994636 5.369566e-05
0 0.99994564 5.4305263e-05
0 0.99754095 0.002459123
0 0.99812967 0.0018703414
0 0.9990318 0.0009681945
0 0.99742943 0.002570518
0 0.9975309 0.0024691997
0 0.9998996 0.0001004108
0 0.999908 9.201819e-05
0 0.99991846 8.15341e-05
0 0.99993515 6.4827436e-05
0 0.99979705 0.00020301699
0 0.9999368 6.317308e-05
0 0.9999521 4.7927595e-05
0 0.99993 7.000503e-05
0 0.9996278 0.00037213127
0 0.9995245 0.000475548
0 0.9995265 0.00047348952
0 0.99876416 0.0012359105
0 0.9997732 0.00022681076
0 0.9997714 0.0002285958
0 0.99994206 5.7876176e-05
0 0.9999368 6.317308e-05
0 0.99994063 5.930477e-05
0 0.9999473 5.2710806e-05
0 0.9999428 5.7251164e-05
0 0.9999368 6.314942e-05
0 0.99994135 5.8611713e-05
0 0.5382728 0.46172717
0 0.94552284 0.054477125
0 0.9480336 0.05196636
0 0.9370999 0.062900156
0 0.9329014 0.06709863
1 0.3882214 0.6117786
0 0.59197897 0.408021
1 0.30323222 0.6967678
1 0.34434146 0.65565854
1 0.26220366 0.73779637
0 0.89428055 0.105719514
0 0.8352274 0.1647726
0 0.8087663 0.19123371
0 0.8247899 0.17521015
0 0.78255737 0.21744262
0 0.8644907 0.13550925
0 0.7850661 0.21493387
0 0.9862568 0.013743167
0 0.9942755 0.00572452
0 0.9899907 0.010009312
0 0.96567476 0.03432527
0 0.9877549 0.012245092
0 0.935081 0.064918995
0 0.9522437 0.047756296
1 0.0003521966 0.99964786
1 0.0007956882 0.99920434
1 0.00028257453 0.9997174
1 0.0003526831 0.99964726
1 0.00044349508 0.9995565
0 0.9998074 0.00019261519
0 0.99979764 0.00020234346
0 0.9999194 8.053994e-05
0 0.9998491 0.00015089683
0 0.99986184 0.00013811441
0 0.99978656 0.00021343
0 0.9996611 0.00033896262
0 0.9999527 4.7277634e-05
0 0.9999393 6.0685248e-05
0 0.9999187 8.131854e-05
0 0.99980897 0.0001910473
0 0.9997571 0.00024287296
0 0.99969614 0.00030389277
1 0.04603255 0.95396745
1 0.014274659 0.9857253
1 0.010373334 0.98962665
0 0.855431 0.14456901
0 0.98437184 0.01562814
0 0.96599466 0.034005273
0 0.97780186 0.022198161
0 0.98806924 0.01193082
0 0.9896311 0.010368851
0 0.9904697 0.00953031
0 0.9973634 0.0026366524
0 0.9923723 0.007627751
0 0.98892015 0.011079912
0 0.9989599 0.0010400827
0 0.9985128 0.0014871336
0 0.99699116 0.0030087766
0 0.9938262 0.0061737504
0 0.9989497 0.0010503158
0 0.99545974 0.0045402525
0 0.99861324 0.0013867043
0 0.9985868 0.0014132911
0 0.9543925 0.045607504
0 0.9981426 0.0018574038
1 0.011893466 0.9881065
1 0.0063276086 0.9936724
0 0.9534679 0.046532046
0 0.9554996 0.044500437
0 0.8412864 0.15871361
0 0.98867995 0.01132012
0 0.99308735 0.006912668
0 0.99981266 0.00018734278
0 0.9994006 0.0005993767
0 0.9996978 0.00030222422
0 0.999508 0.00049202074
0 0.99979883 0.00020121837
0 0.9998634 0.00013665234
0 0.9996245 0.0003755184
0 0.9994499 0.0005500923
0 0.9996648 0.00033525805
0 0.99968255 0.00031749607
0 0.99971086 0.00028916448
1 0.0007907442 0.9992093
1 0.003980852 0.9960192
1 0.0010521836 0.9989478
1 0.0013785694 0.99862146
1 0.0011825744 0.9988174
0 0.99755245 0.002447556
0 0.9897827 0.010217394
0 0.9701623 0.029837722
1 0.0020356714 0.9979644
1 0.00087738544 0.99912256
1 0.002129807 0.9978702
1 0.0050475714 0.99495244
1 0.002670141 0.99732983
0 0.99985874 0.00014130124
0 0.9367853 0.06321474
0 0.99991786 8.2162245e-05
0 0.99989605 0.00010392177
0 0.9998429 0.00015711325
0 0.99874383 0.0012561494
0 0.9995778 0.00042217813
0 0.9998574 0.00014260854
0 0.99937457 0.0006255002
0 0.9997663 0.00023376266
0 0.99960905 0.00039095164
0 0.9989517 0.0010482874
0 0.99978536 0.00021461336
0 0.99978834 0.00021169898
0 0.99958545 0.00041458578
0 0.9997675 0.00023249057
0 0.9999294 7.0621296e-05
0 0.9999143 8.5664986e-05
0 0.99993634 6.370485e-05
0 0.9999336 6.635347e-05
0 0.99993384 6.620325e-05
0 0.9998529 0.00014710949
0 0.99968386 0.00031615043
0 0.9998529 0.00014710949
0 0.999835 0.00016493014
0 0.9997372 0.00026283055
0 0.9975963 0.0024036292
0 0.99990773 9.226245e-05
0 0.99867624 0.001323708
0 0.99757487 0.0024250837
0 0.99971133 0.0002886136
0 0.99991727 8.268508e-05
0 0.9367853 0.06321474
1 0.21400087 0.7859991
0 0.6194876 0.38051245
1 0.28203335 0.7179666
1 0.08930394 0.910696
1 0.33618775 0.6638122
0 0.95757663 0.0424234
0 0.9799296 0.020070415
0 0.9963666 0.0036334123
0 0.9838021 0.016197879
0 0.99028337 0.009716714
0 0.9536662 0.046333835
0 0.9193511 0.08064888
0 0.87642956 0.12357042
0 0.9357199 0.064280085
0 0.8356206 0.16437943
0 0.99071234 0.009287636
0 0.9193511 0.08064888
0 0.9982646 0.0017354087
0 0.99644333 0.0035567246
0 0.9567497 0.043250367
1 0.00017163748 0.99982834
1 0.0001765272 0.9998235
1 0.00022919948 0.9997708
1 0.00017824801 0.9998217
1 0.00020982846 0.99979013
0 0.9999243 7.568064e-05
0 0.9999068 9.316991e-05
0 0.9998987 0.00010131063
0 0.9999224 7.7618526e-05
0 0.9999205 7.9501486e-05
0 0.9999045 9.551696e-05
0 0.99984205 0.00015793456
0 0.99985754 0.00014245725
0 0.99990034 9.970749e-05
0 0.9999393 6.0706607e-05
0 0.99988294 0.000117090945
0 0.99989533 0.00010467645
0 0.99986875 0.00013124237
0 0.99989676 0.00010316682
0 0.9998776 0.00012242311
0 0.99988735 0.00011269718
0 0.99981624 0.00018375495
0 0.99986184 0.00013815748
0 0.99990046 9.952785e-05
0 0.99981946 0.00018052218
0 0.9999285 7.150938e-05
0 0.9999275 7.253283e-05
0 0.99990296 9.697252e-05
0 0.99993324 6.671761e-05
0 0.99988234 0.00011765705
0 0.9999056 9.4403e-05
0 0.9998368 0.0001631531
1 0.04035637 0.95964366
0 0.59929484 0.40070516
1 0.00023336313 0.99976665
1 0.0006943287 0.9993057
1 0.003963151 0.9960368
0 0.99960893 0.00039104852
0 0.99991 9.004172e-05
0 0.99929774 0.0007022196
0 0.99944776 0.00055222143
0 0.59929484 0.40070516
0 0.9996413 0.00035869697
0 0.9995896 0.0004104195
0 0.99988747 0.00011253534
1 0.0016616643 0.99833834
1 0.0009209211 0.9990791
1 0.010911155 0.98908883
1 0.0038340164 0.996166
1 0.0020196056 0.9979804
0 0.9995883 0.00041167418
1 0.47399184 0.5260082
0 0.9999442 5.578025e-05
0 0.99993086 6.9131325e-05
0 0.9998211 0.00017893445
0 0.9990723 0.00092761475
0 0.99973696 0.00026299298
0 0.99990284 9.717154e-05
0 0.9994295 0.0005704141
0 0.999796 0.00020403072
0 0.9945509 0.005449081
0 0.9774554 0.022544615
0 0.9987913 0.0012088032
0 0.998467 0.001532963
0 0.9922333 0.007766722
0 0.99988353 0.00011641827
0 0.9999492 5.0836672e-05
0 0.9999436 5.6351146e-05
0 0.9999503 4.968818e-05
0 0.99994695 5.3032785e-05
0 0.99993956 6.0439106e-05
0 0.99985194 0.00014802579
0 0.99976534 0.00023468095
0 0.99985194 0.00014802579
0 0.9998319 0.00016807787
0 0.9996848 0.00031516128
0 0.996391 0.0036089711
0 0.99989235 0.00010769017
0 0.983554 0.016446047
0 0.95496124 0.045038752
0 0.99902844 0.0009715868
0 0.9999168 8.3256964e-05
1 0.47399184 0.5260082
0 0.99987304 0.0001269504
0 0.9995766 0.0004233866
0 0.999173 0.0008269559
0 0.99944633 0.0005536767
0 0.99874 0.0012599588
0 0.996424 0.0035760098
1 0.01780078 0.98219925
1 0.09102422 0.9089757
1 0.046581578 0.95341843
1 0.2391727 0.7608273
0 0.5489209 0.45107907
0 0.9654809 0.034519043
0 0.8848059 0.11519408
0 0.66721845 0.33278152
0 0.99991834 8.165158e-05
0 0.9990777 0.0009223195
0 0.9999428 5.7255424e-05
0 0.9999454 5.4579283e-05
0 0.9999337 6.627177e-05
0 0.9998921 0.00010781941
0 0.99994385 5.6197136e-05
0 0.9999417 5.828015e-05
0 0.9999312 6.8789246e-05
0 0.9999 0.0001000205
0 0.9999347 6.529898e-05
0 0.9999033 9.6675416e-05
0 0.99990547 9.450623e-05
0 0.99990964 9.029933e-05
0 0.9999504 4.963794e-05
0 0.9999553 4.4704302e-05
0 0.9999509 4.9155853e-05
0 0.9999459 5.4164073e-05
0 0.99992573 7.4275784e-05
0 0.99864787 0.0013521378
0 0.9988594 0.0011406558
0 0.9997776 0.00022234765
0 0.99933225 0.00066774775
0 0.9994272 0.0005727848
1 0.0024448566 0.9975552
1 0.001377166 0.9986229
1 0.0021056281 0.99789435
1 0.0032673823 0.9967326
1 0.0005468349 0.9994531
0 0.9999256 7.435501e-05
0 0.9999528 4.7241585e-05
0 0.9999492 5.0794755e-05
0 0.9424357 0.057564326
0 0.91378754 0.08621242
0 0.9630965 0.036903504
0 0.98599154 0.014008494
0 0.9795671 0.020432875
1 0.18042128 0.8195787
1 0.29369664 0.70630336
1 0.25492263 0.7450774
1 0.17972103 0.820279
1 0.14722942 0.8527706
0 0.9057768 0.09422319
0 0.7381199 0.2618801
0 0.9676623 0.0323378
0 0.99528706 0.00471294
0 0.99280447 0.0071955626
0 0.98797774 0.012022273
0 0.99569714 0.004302841
0 0.9821873 0.017812764
0 0.9782242 0.021775862
0 0.9929206 0.0070794616
0 0.9958527 0.004147307
0 0.98941886 0.010581086
1 0.016497046 0.9835029
1 0.010809462 0.9891906
1 0.011644803 0.98835516
1 0.002009464 0.9979905
1 0.0037995616 0.9962004
0 0.9632316 0.03676837
0 0.9727328 0.027267192
0 0.9994796 0.00052038755
0 0.99983704 0.00016297695
0 0.9997907 0.00020932073
0 0.9993285 0.00067156035
0 0.9973194 0.002680657
0 0.9881159 0.0118840905
0 0.9889733 0.01102672
0 0.98808426 0.011915797
0 0.97427547 0.0257246
1 0.029279632 0.97072035
1 0.061545882 0.93845415
1 0.022381214 0.9776188
1 0.030348966 0.969651
0 0.81131756 0.1886824
0 0.89378923 0.106210716
0 0.87190604 0.128094
0 0.6950052 0.30499482
1 0.45499927 0.54500073
0 0.5740757 0.4259243
1 0.3563054 0.64369464
1 0.34894896 0.65105104
1 0.39004436 0.60995567
0 0.8190809 0.18091907
0 0.8877532 0.112246804
0 0.8778035 0.122196525
0 0.631525 0.368475
0 0.93226707 0.06773299
0 0.8430972 0.15690278
0 0.95581883 0.04418121
1 0.00068555406 0.9993144
1 0.009738247 0.99026173
1 0.00067455205 0.9993255
1 0.0006148821 0.9993851
1 0.00068305107 0.99931693
0 0.9999038 9.6177864e-05
0 0.9999293 7.066743e-05
0 0.99992955 7.040295e-05
0 0.99992824 7.1759125e-05
0 0.9999368 6.320207e-05
0 0.9999305 6.943723e-05
0 0.99992204 7.7938486e-05
0 0.9999378 6.228039e-05
0 0.99993086 6.915823e-05
0 0.9998605 0.00013949821
0 0.9995925 0.0004075539
0 0.9996911 0.0003088588
0 0.99971634 0.00028365475
0 0.9998485 0.00015144574
0 0.9999131 8.688364e-05
0 0.9998367 0.00016329053
0 0.9998361 0.00016383297
0 0.99989295 0.00010703739
0 0.99990356 9.643317e-05
0 0.99986386 0.00013607681
0 0.9998654 0.00013457533
0 0.9999145 8.5484164e-05
0 0.99992967 7.032579e-05
0 0.9999149 8.514466e-05
1 0.00019220202 0.9998078
1 0.0001912104 0.99980885
1 0.00025254907 0.99974746
1 0.000186175 0.99981385
1 0.00020211615 0.9997979
0 0.9999411 5.8847665e-05
0 0.9999397 6.029099e-05
0 0.9999316 6.846902e-05
0 0.9999294 7.061941e-05
0 0.9999232 7.671774e-05
0 0.9999027 9.721362e-05
0 0.99990654 9.342035e-05
0 0.999905 9.4976735e-05
0 0.9999124 8.755207e-05
0 0.99994516 5.4820066e-05
0 0.9999045 9.548199e-05
0 0.9999304 6.964055e-05
0 0.99991524 8.476027e-05
0 0.9999298 7.018028e-05
0 0.9999136 8.647293e-05
0 0.999899 0.00010096864
0 0.9998697 0.00013031633
0 0.9999049 9.517094e-05
0 0.9999262 7.383096e-05
0 0.99988616 0.00011386357
0 0.9999423 5.7706548e-05
0 0.9999232 7.675236e-05
0 0.99991953 8.051484e-05
0 0.9999441 5.5927892e-05
0 0.99985826 0.00014176185
0 0.9999244 7.5602016e-05
0 0.9998797 0.00012026863
0 0.9994419 0.00055800984
0 0.9994318 0.0005681883
0 0.99966836 0.00033167333
0 0.99954176 0.00045823908
0 0.9997389 0.00026114748
1 0.0029553166 0.99704474
1 0.0053643775 0.99463564
0 0.9993144 0.00068555604
0 0.99711394 0.0028859917
0 0.9999254 7.4602525e-05
0 0.9999492 5.080372e-05
0 0.9999292 7.081815e-05
0 0.9999453 5.4748598e-05
0 0.9999311 6.8877984e-05
0 0.7311023 0.26889765
0 0.91227025 0.08772973
0 0.91028315 0.08971685
0 0.9391619 0.0608381
0 0.9019386 0.098061346
1 0.016251871 0.9837481
1 0.053852882 0.94614714
1 0.013082011 0.98691803
1 0.009267488 0.99073243
1 0.00019949178 0.9998005
1 0.00019126161 0.9998087
1 0.0002872594 0.99971277
1 0.0001917713 0.99980825
1 0.00021208242 0.999788
0 0.9999368 6.3146465e-05
0 0.9999356 6.431856e-05
0 0.9999101 8.990891e-05
0 0.9999175 8.244989e-05
0 0.99987733 0.00012267682
0 0.99987817 0.00012184802
0 0.9998264 0.0001736009
0 0.99986327 0.00013665545
0 0.9998809 0.00011904242
0 0.99993694 6.308736e-05
0 0.9998703 0.00012967522
0 0.9999219 7.8043355e-05
0 0.99990237 9.7661105e-05
0 0.9999229 7.711434e-05
0 0.99989474 0.00010521585
0 0.9998683 0.0001317041
0 0.9998431 0.00015690575
0 0.9998828 0.00011716578
0 0.9999049 9.506571e-05
0 0.99985254 0.00014739505
0 0.9999422 5.787022e-05
0 0.9999075 9.249731e-05
0 0.9999168 8.3209336e-05
0 0.9999404 5.959982e-05
0 0.9998505 0.00014950788
0 0.9998945 0.00010547231
0 0.9998565 0.00014356003
1 0.45753273 0.54246724
0 0.6856214 0.3143786
1 0.11155056 0.88844943
1 0.3041375 0.69586253
1 0.46661612 0.53338385
1 0.4793506 0.52064943
0 0.88013387 0.119866155
1 0.0006145686 0.99938536
1 0.00042685293 0.9995732
1 0.00021965976 0.99978036
1 0.00022338761 0.99977666
1 0.00029862052 0.9997013
0 0.9999293 7.0655035e-05
0 0.9999331 6.682458e-05
0 0.99993074 6.9234506e-05
0 0.99994266 5.7317375e-05
0 0.9999279 7.207164e-05
1 0.061039943 0.93896
1 0.041529223 0.95847076
1 0.096143275 0.90385675
1 0.010740445 0.9892595
1 0.012957129 0.9870429
0 0.9998735 0.0001264759
0 0.99728835 0.0027117173
0 0.9998485 0.00015147925
0 0.9881098 0.011890185
0 0.99728835 0.0027117173
0 0.99973863 0.0002613587
0 0.9997739 0.00022607131
0 0.99971026 0.0002896763
0 0.99991274 8.7248205e-05
0 0.9998692 0.00013079986
0 0.9998987 0.0001013661
0 0.9999006 9.943935e-05
0 0.999752 0.0002480276
0 0.99777526 0.0022247115
0 0.9975349 0.0024651382
0 0.9995639 0.00043605766
0 0.99988437 0.00011562745
0 0.99991775 8.220691e-05
0 0.9998209 0.00017913998
0 0.99961275 0.00038724643
1 0.010147999 0.989852
1 0.094889544 0.9051105
1 0.04216489 0.95783514
1 0.013917155 0.98608285
1 0.005624536 0.99437547
0 0.9723654 0.02763461
0 0.9979977 0.0020022467
0 0.9998872 0.00011272931
0 0.9998479 0.00015211393
0 0.9991115 0.0008884959
0 0.999463 0.0005369953
0 0.99933475 0.0006651778
0 0.9971396 0.0028604346
1 0.07724313 0.92275685
1 0.06292009 0.9370799
0 0.947356 0.052644037
0 0.54026634 0.45973372
0 0.58705103 0.41294894
0 0.9443671 0.055632852
0 0.95670617 0.04329385
0 0.60446876 0.3955312
1 0.34115747 0.6588425
0 0.9080395 0.09196051
0 0.7153841 0.28461587
0 0.78995264 0.21004741
0 0.91614085 0.08385915
1 0.031194244 0.96880573
1 0.02770675 0.97229326
1 0.14804548 0.85195446
0 0.9462805 0.053719476
0 0.9952224 0.0047776527
0 0.9969836 0.003016432
0 0.9888199 0.011180087
0 0.99221694 0.007783062
0 0.9957177 0.0042822645
0 0.9854397 0.014560258
0 0.99122685 0.008773194
0 0.9983386 0.0016614192
0 0.9946238 0.005376305
0 0.99993396 6.607665e-05
0 0.99974626 0.0002537581
0 0.8529115 0.1470885
0 0.7748852 0.22511482
0 0.82520825 0.17479172
0 0.90936065 0.090639405
0 0.92337847 0.07662153
0 0.94816935 0.051830683
0 0.9956304 0.0043696184
0 0.9667184 0.03328157
0 0.8613424 0.13865767
0 0.9781004 0.02189953
0 0.99988425 0.00011574041
0 0.9998586 0.00014138789
0 0.9998815 0.00011846197
0 0.99979776 0.00020231186
0 0.9998703 0.00012968574
0 0.5540219 0.4459781
0 0.50383216 0.4961678
1 0.49393907 0.50606096
0 0.97320676 0.02679321
0 0.8530671 0.14693293
0 0.9992914 0.00070849556
0 0.99993217 6.7789384e-05
0 0.99976283 0.0002371543
0 0.9915119 0.008488133
0 0.5449491 0.45505092
1 0.31002682 0.6899732
0 0.6308053 0.36919472
0 0.88588023 0.11411982
1 0.44795552 0.5520445
0 0.9785774 0.021422606
0 0.9794545 0.020545417
0 0.9915488 0.008451188
0 0.9959264 0.0040736264
1 0.0029182406 0.9970817
1 0.006501931 0.9934981
1 0.002383167 0.9976169
1 0.0030197825 0.99698025
1 0.0093674455 0.99063253
0 0.99786925 0.0021307364
0 0.98987496 0.010125126
0 0.9994843 0.0005156833
0 0.9997769 0.00022310835
0 0.99987507 0.00012487893
0 0.9996449 0.00035507706
0 0.99920577 0.0007942129
1 6.0511942e-05 0.99993944
1 5.947009e-05 0.9999405
1 7.17518e-05 0.99992824
1 5.1936957e-05 0.999948
1 5.5669556e-05 0.9999443
1 5.4056127e-05 0.999946
0 0.9999566 4.3354084e-05
0 0.9999546 4.537121e-05
0 0.9999565 4.353879e-05
0 0.9999571 4.2937532e-05
0 0.9999552 4.485077e-05
0 0.9999548 4.520899e-05
0 0.9999558 4.418961e-05
0 0.5059595 0.49404055
1 0.4581609 0.5418391
1 0.2531008 0.7468992
1 0.44394335 0.5560566
0 0.57912177 0.42087826
1 0.00027183874 0.99972814
1 0.00022146558 0.99977857
1 0.00027300857 0.99972695
1 0.00023013823 0.99976987
1 0.00019329683 0.9998067
1 0.00017874158 0.99982125
1 0.00017249062 0.9998275
1 0.00032764272 0.9996724
0 0.99993706 6.290324e-05
0 0.99994934 5.0715476e-05
0 0.9997217 0.00027829563
0 0.9999474 5.2577463e-05
0 0.9999505 4.9491366e-05
0 0.9999504 4.9609163e-05
0 0.99995303 4.7005524e-05
0 0.9999529 4.7119116e-05
0 0.99995244 4.7507085e-05
0 0.99994993 5.0109884e-05
0 0.999946 5.4024014e-05
1 0.00042458682 0.99957544
1 0.0016699751 0.99833006
1 0.00066500733 0.999335
1 0.0009705487 0.9990295
1 0.0004832667 0.9995167
0 0.99947745 0.000522625
0 0.9965934 0.0034065424
0 0.99824095 0.0017590785
1 0.00026135473 0.99973863
1 0.0014175397 0.9985825
1 0.0005362362 0.99946374
1 0.0009441444 0.9990558
1 0.0011151917 0.99888486
0 0.99968565 0.00031443167
0 0.99947184 0.00052817777
0 0.9996613 0.00033863285
1 0.0004783791 0.9995216
1 0.0002842338 0.99971575
1 0.0006680039 0.999332
1 0.0005157802 0.9994842
1 0.00034488 0.9996551
0 0.9996376 0.00036237287
0 0.999905 9.499359e-05
0 0.9999038 9.6239164e-05
0 0.99989426 0.000105741594
0 0.99988425 0.00011578656
0 0.99992394 7.599406e-05
0 0.9999354 6.46608e-05
0 0.9999337 6.629149e-05
0 0.9999231 7.6858705e-05
0 0.99992895 7.110066e-05
0 0.99982375 0.00017629843
0 0.9999089 9.109971e-05
0 0.9999405 5.952723e-05
0 0.9998299 0.00017012624
0 0.99994266 5.731322e-05
0 0.9999515 4.849849e-05
0 0.9999443 5.5699402e-05
0 0.9999422 5.778011e-05
0 0.99994576 5.418277e-05
0 0.9999374 6.2606705e-05
0 0.9999392 6.0844257e-05
0 0.9999442 5.5839115e-05
0 0.99994147 5.8539827e-05
0 0.9999348 6.5204644e-05
0 0.9999447 5.536741e-05
0 0.9999428 5.7220488e-05
0 0.99993575 6.424941e-05
0 0.9999505 4.9511007e-05
0 0.99994993 5.004288e-05
0 0.8757957 0.124204315
1 0.15271537 0.8472847
0 0.8814799 0.11852009
0 0.71950775 0.28049225
1 0.042846575 0.9571534
0 0.61782 0.38218004
1 0.17397965 0.8260203
1 0.12668411 0.87331593
1 0.08617458 0.9138254
1 0.17042738 0.82957256
0 0.9901045 0.009895522
0 0.92947555 0.070524454
0 0.99893564 0.001064413
0 0.9931967 0.006803248
0 0.9994437 0.00055632903
0 0.9997789 0.00022111955
0 0.9999318 6.820295e-05
0 0.99992394 7.602551e-05
0 0.9998864 0.000113628324
0 0.9998673 0.00013260952
0 0.9998753 0.00012467548
0 0.9998229 0.00017713556
0 0.9997621 0.00023782883
0 0.99891293 0.0010870799
0 0.9998357 0.00016425436
0 0.99986446 0.00013555774
0 0.9999317 6.833288e-05
0 0.9995927 0.0004073135
0 0.61782 0.38218004
0 0.99988914 0.00011087603
0 0.99851793 0.0014821112
0 0.998898 0.0011019596
0 0.99985147 0.00014849259
0 0.9997545 0.00024553915
0 0.999941 5.9026286e-05
0 0.9998816 0.00011836408
0 0.9998592 0.00014071446
0 0.9998677 0.00013232823
1 0.0006054831 0.99939454
1 0.00033215526 0.9996679
1 0.0010463753 0.9989536
1 0.00084523263 0.9991548
1 0.00051962375 0.9994804
0 0.99839824 0.0016017145
0 0.9998405 0.0001594898
0 0.99981195 0.00018812162
0 0.99979573 0.00020429236
0 0.9997671 0.00023285372
0 0.99992156 7.848144e-05
0 0.9999324 6.757529e-05
0 0.99993145 6.8493246e-05
0 0.9998878 0.000112157824
0 0.9999136 8.647557e-05
0 0.999759 0.00024093328
0 0.99992514 7.482831e-05
0 0.9999428 5.721776e-05
0 0.9998672 0.00013278188
0 0.99994195 5.8033136e-05
0 0.9999502 4.9795435e-05
0 0.99994254 5.7452595e-05
0 0.9999366 6.3473206e-05
0 0.9999459 5.413407e-05
0 0.99993825 6.1702e-05
0 0.99993515 6.479437e-05
0 0.99993837 6.159336e-05
0 0.99993753 6.2461266e-05
0 0.9999249 7.503689e-05
0 0.99993813 6.1917155e-05
0 0.99993706 6.291697e-05
0 0.9999311 6.886721e-05
0 0.9999511 4.8821687e-05
0 0.9999472 5.2781226e-05
1 0.002304112 0.99769586
1 0.005948911 0.99405104
0 0.999858 0.0001419336
0 0.99982184 0.00017822355
0 0.9961379 0.003862072
0 0.99803144 0.0019685135
0 0.96824247 0.031757493
0 0.96423554 0.035764437
0 0.9953122 0.0046877367
0 0.9969998 0.0030002184
0 0.99344385 0.0065561193
0 0.995248 0.0047520376
0 0.9891438 0.010856234
1 0.0009715831 0.99902844
1 0.0011359536 0.99886405
0 0.99961 0.00038998958
0 0.99959654 0.00040346058
0 0.9989278 0.0010722287
0 0.9988612 0.0011387987
0 0.99962676 0.0003732581
0 0.9997209 0.000279072
0 0.9998722 0.00012782267
1 0.4475468 0.5524532
1 0.11791672 0.88208324
1 0.1266645 0.87333554
1 0.030809723 0.96919024
0 0.8783684 0.12163154
0 0.99851257 0.0014874792
1 0.026680257 0.97331977
1 0.08533772 0.91466224
1 0.046877556 0.95312244
1 0.018592121 0.9814078
1 0.018919684 0.98108035
0 0.91120785 0.08879208
0 0.85112554 0.14887446
0 0.9333785 0.06662149
0 0.96994096 0.030059082
0 0.9885797 0.011420304
0 0.999132 0.0008680037
0 0.9994241 0.00057596446
0 0.9946148 0.0053852443
0 0.98589003 0.014109985
1 0.00117926 0.9988207
1 0.0007212885 0.9992787
1 0.001415365 0.9985846
1 0.0014116894 0.99858826
1 0.00054101186 0.99945897
0 0.9952177 0.0047823163
0 0.99982005 0.00017998973
0 0.9998832 0.000116860836
0 0.9998192 0.00018080503
0 0.9998273 0.00017270687
0 0.9999213 7.870854e-05
0 0.9999285 7.147119e-05
0 0.9999318 6.822233e-05
0 0.99989927 0.000100683654
0 0.9999143 8.574934e-05
0 0.9998468 0.00015317253
0 0.99988115 0.000118835786
0 0.9999387 6.1273386e-05
0 0.9998914 0.00010858065
0 0.9999391 6.090265e-05
0 0.9999509 4.909139e-05
0 0.9999411 5.8942253e-05
0 0.9999355 6.446268e-05
0 0.99994326 5.669655e-05
0 0.99993503 6.496402e-05
0 0.99993265 6.7306275e-05
0 0.99993944 6.0549464e-05
0 0.9999362 6.378619e-05
0 0.9999275 7.243757e-05
0 0.9999399 6.002841e-05
0 0.9999379 6.210259e-05
0 0.9999299 7.01051e-05
0 0.99995184 4.818892e-05
0 0.9999479 5.206837e-05
1 0.11340247 0.8865975
1 0.029060105 0.9709399
1 0.33521667 0.6647833
1 0.3116847 0.6883153
1 0.03628696 0.963713
1 0.06514485 0.93485516
0 0.94390446 0.05609557
0 0.9866963 0.013303675
0 0.97955745 0.020442527
0 0.8824118 0.11758822
0 0.9997807 0.00021932846
0 0.99983263 0.0001673046
0 0.9998666 0.00013335056
0 0.9957105 0.0042895605
0 0.99988043 0.00011960884
0 0.9934058 0.006594168
0 0.99727947 0.0027205986
0 0.9998337 0.0001663064
0 0.9973972 0.0026028014
0 0.9997155 0.00028449978
0 0.99993634 6.362864e-05
0 0.999918 8.203447e-05
0 0.9997161 0.0002838896
0 0.9999343 6.563635e-05
0 0.9999423 5.7711884e-05
0 0.9998567 0.00014322886
0 0.9999466 5.3376065e-05
0 0.9999496 5.040458e-05
0 0.99994206 5.7959027e-05
0 0.999948 5.2009073e-05
0 0.9999479 5.214261e-05
0 0.99991834 8.1647224e-05
0 0.9999521 4.7948713e-05
0 0.9999386 6.135383e-05
1 0.25878525 0.7412148
1 0.21755305 0.782447
0 0.53336465 0.46663538
1 0.4601062 0.5398938
0 0.50594 0.49405995
1 8.532094e-05 0.99991465
1 0.0001673054 0.99983263
1 0.00013792161 0.9998621
1 9.474245e-05 0.9999052
1 0.00021609194 0.99978393
0 0.9999497 5.0264607e-05
0 0.9999443 5.5660585e-05
0 0.999956 4.3928278e-05
0 0.99995124 4.8712212e-05
0 0.999954 4.597531e-05
0 0.9999399 6.0056693e-05
0 0.99993205 6.791556e-05
0 0.9999472 5.281264e-05
0 0.99994445 5.549427e-05
1 0.00036001366 0.99964
0 0.60327375 0.39672622
1 0.00034858732 0.99965143
1 0.00029689114 0.9997031
1 0.0004575233 0.9995425
0 0.9997063 0.000293609
0 0.60327375 0.39672622
0 0.9997923 0.00020772082
0 0.99975556 0.00024438748
0 0.9996805 0.00031953913
0 0.99987745 0.00012254025
0 0.999705 0.0002949065
0 0.9993243 0.0006757244
0 0.60327375 0.39672622
0 0.9995664 0.00043366003
0 0.9999074 9.264314e-05
0 0.9999088 9.116471e-05
1 0.0008511462 0.99914885
1 0.001437561 0.9985625
1 0.00085903483 0.999141
1 0.000819872 0.99918014
1 0.00096935756 0.9990307
0 0.999579 0.00042099296
0 0.99971694 0.0002830507
0 0.99987113 0.0001288349
0 0.99929464 0.00070529664
0 0.9997596 0.00024033376
0 0.9998454 0.0001545867
0 0.9998405 0.00015947506
0 0.9999145 8.5459054e-05
0 0.9999356 6.4347216e-05
0 0.99994576 5.42022e-05
0 0.9998946 0.000105382336
0 0.5016664 0.4983336
0 0.61369526 0.3863047
1 0.1419311 0.8580688
1 0.3974632 0.6025368
0 0.58717793 0.41282204
0 0.7665005 0.23349956
0 0.807711 0.192289
0 0.57658404 0.42341602
0 0.5350769 0.46492308
0 0.91348433 0.08651569
1 0.34890676 0.65109324
1 0.33799702 0.662003
0 0.6152264 0.38477364
1 0.13204396 0.8679561
1 0.0007436426 0.9992563
1 0.021746753 0.9782533
1 0.00045606866 0.99954385
1 0.0017432043 0.99825674
1 0.00063609483 0.99936396
0 0.99986684 0.00013317812
0 0.99994886 5.1102594e-05
0 0.99889743 0.0011025013
0 0.99981934 0.0001807168
0 0.99545693 0.0045430353
0 0.9918669 0.008133121
0 0.9848395 0.015160531
0 0.9983113 0.0016886868
0 0.9883033 0.011696625
1 0.3254526 0.6745474
0 0.75606966 0.24393037
1 0.026407748 0.9735922
1 0.084345736 0.91565424
1 0.2641947 0.73580533
0 0.916202 0.08379805
0 0.82853836 0.1714616
0 0.95973366 0.04026627
0 0.9449624 0.055037644
0 0.9146813 0.08531869
0 0.7581934 0.24180666
0 0.8305715 0.16942856
0 0.80557996 0.19442002
0 0.964016 0.035984036
0 0.9722554 0.027744537
1 0.4994702 0.50052977
0 0.75606966 0.24393037
0 0.9993042 0.000695764
0 0.9982936 0.0017064608
0 0.98539376 0.014606188
0 0.99103844 0.008961639
1 0.28477272 0.7152273
1 0.014925387 0.98507464
1 0.02545459 0.9745454
1 0.16938443 0.8306155
1 0.15356173 0.8464383
0 0.592098 0.40790194
0 0.87837505 0.12162497
0 0.77091354 0.22908649
0 0.99971277 0.0002872145
0 0.9949197 0.0050802273
0 0.99969983 0.00030017502
1 0.001567162 0.9984328
1 0.0016341031 0.99836594
1 0.0016868399 0.9983132
1 0.0013953794 0.9986046
1 0.001652034 0.998348
0 0.9884418 0.011558249
0 0.99785715 0.0021428822
0 0.9877753 0.012224605
0 0.99988294 0.0001171048
0 0.9996222 0.0003777809
0 0.99991083 8.910607e-05
0 0.99983454 0.00016546067
0 0.9996222 0.0003777809
0 0.9999256 7.434742e-05
0 0.99986184 0.00013813376
1 0.0040500653 0.99594986
1 0.012392905 0.98760706
1 0.00047462442 0.9995254
0 0.9936206 0.006379462
0 0.9854994 0.014500643
0 0.99861 0.0013900013
0 0.9984347 0.0015652687
0 0.9918819 0.008118125
0 0.9919274 0.008072561
0 0.83234084 0.16765915
0 0.807149 0.19285099
0 0.9626579 0.03734209
0 0.66862714 0.33137292
0 0.94463426 0.055365793
0 0.9884017 0.011598308
0 0.86870563 0.13129437
0 0.9696866 0.030313313
0 0.94456786 0.05543209
0 0.9881245 0.01187546
0 0.86054367 0.13945632
0 0.807149 0.19285099
0 0.88204455 0.11795548
0 0.66862714 0.33137292
0 0.8443306 0.15566939
0 0.7942853 0.2057147
0 0.8130287 0.18697135
0 0.61972195 0.3802781
0 0.975091 0.024909033
0 0.9318202 0.06817974
0 0.99935776 0.0006422578
0 0.99956566 0.0004343116
0 0.9953257 0.0046742647
0 0.9992362 0.00076378416
0 0.9997905 0.00020956475
0 0.99978334 0.00021667332
0 0.99990416 9.578284e-05
0 0.99541986 0.004580221
0 0.99565953 0.0043404195
0 0.98281085 0.017189108
0 0.9822979 0.01770208
0 0.97110444 0.028895583
0 0.99973756 0.00026244493
0 0.9997397 0.0002602512
0 0.9997824 0.00021765314
0 0.9989874 0.0010126106
0 0.9994972 0.00050282537
0 0.9993494 0.0006506249
0 0.9996774 0.00032262594
0 0.99892586 0.0010741451
0 0.999278 0.00072195515
0 0.99928385 0.00071617437
0 0.9983376 0.0016623432
0 0.9922357 0.007764216
0 0.9970482 0.0029518453
0 0.92061037 0.07938966
0 0.95443255 0.045567416
0 0.9560251 0.043974847
0 0.97900397 0.020996047
0 0.76219404 0.23780596
0 0.9868587 0.013141304
0 0.99130756 0.008692512
0 0.9991892 0.0008108524
0 0.9988626 0.0011374403
0 0.99960035 0.0003996754
0 0.9861633 0.0138366325
0 0.99459463 0.005405377
0 0.99527526 0.004724769
0 0.99379694 0.0062031234
0 0.97578764 0.024212364
0 0.9929194 0.0070805643
0 0.9992212 0.00077875366
0 0.9938309 0.006169065
0 0.9998616 0.00013833781
0 0.99964714 0.00035282975
0 0.99979025 0.00020977926
0 0.99969304 0.00030697795
0 0.9999175 8.251919e-05
0 0.98541045 0.0145895835
0 0.9983662 0.0016338902
0 0.9965211 0.0034788887
0 0.9970005 0.0029994452
0 0.9913498 0.008650133
0 0.99478036 0.005219636
0 0.8554678 0.14453213
0 0.546569 0.453431
0 0.80949205 0.19050796
0 0.6269393 0.37306067
0 0.69829243 0.3017076
0 0.9986369 0.0013631112
0 0.99545985 0.0045401575
0 0.9990922 0.00090783084
0 0.9986461 0.001353896
0 0.9985531 0.0014468657
0 0.9533068 0.04669315
0 0.86870563 0.13129437
0 0.94303113 0.056968864
0 0.9508273 0.049172685
0 0.93817896 0.061820995
0 0.9977471 0.0022528805
0 0.9982017 0.0017982468
0 0.9996112 0.00038878445
0 0.9975356 0.002464444
0 0.99700207 0.0029979183
0 0.98147774 0.018522194
0 0.98908186 0.010918109
0 0.9698215 0.030178433
0 0.9989606 0.0010393427
0 0.99679464 0.0032054118
0 0.99949145 0.00050857547
0 0.99794525 0.0020547211
0 0.99856514 0.001434883
0 0.9825851 0.017414894
0 0.98086274 0.019137299
0 0.9995074 0.0004925571
0 0.99880636 0.001193671
0 0.9981318 0.0018681723
0 0.9991062 0.000893805
0 0.9995092 0.00049081957
0 0.9997656 0.00023437926
0 0.9995819 0.00041811613
0 0.999752 0.000247959
0 0.9997305 0.0002694858
0 0.99903286 0.0009671361
0 0.9998319 0.00016807242
0 0.9997553 0.0002446402
0 0.9997193 0.0002807003
0 0.99918586 0.0008141188
0 0.9992663 0.0007336158
0 0.99892896 0.001071046
0 0.993486 0.006514017
0 0.9688071 0.03119297
0 0.99580485 0.004195152
0 0.998071 0.0019290175
0 0.99827266 0.0017273362
0 0.9973406 0.0026593476
0 0.9991947 0.00080532586
0 0.74677896 0.253221
0 0.5706072 0.42939284
1 0.4071333 0.59286666
0 0.78739303 0.21260694
0 0.97095484 0.029045107
0 0.8706879 0.12931208
0 0.93088025 0.069119774
0 0.96383345 0.036166478
0 0.99178106 0.008218963
0 0.99457246 0.0054274886
0 0.75492543 0.24507461
0 0.73693347 0.2630666
0 0.9863186 0.013681414
0 0.79979587 0.20020416
0 0.97809106 0.021908892
0 0.96863985 0.031360194
0 0.9756158 0.02438415
0 0.98858774 0.011412254
0 0.95570165 0.044298388
0 0.98657286 0.013427195
0 0.98806787 0.011932156
1 0.008703828 0.9912962
1 0.16014504 0.83985496
1 0.062060002 0.93794
1 0.0065394626 0.99346054
1 0.053925153 0.94607484
0 0.9999 0.00010005352
0 0.9998915 0.00010844014
0 0.99980146 0.00019859242
0 0.9839192 0.016080746
1 0.16014504 0.83985496
0 0.9946083 0.0053917253
0 0.9827687 0.017231276
0 0.9978344 0.0021656416
0 0.9997975 0.00020248804
0 0.99960977 0.00039026854
0 0.99980265 0.00019738253
0 0.99994683 5.3113054e-05
0 0.9998933 0.00010664983
0 0.999801 0.00019901872
0 0.99987614 0.00012386731
0 0.9996026 0.00039736193
0 0.9998622 0.00013774485
0 0.99910456 0.0008954561
0 0.9988895 0.0011104604
0 0.9994324 0.0005676394
0 0.99873465 0.0012654123
0 0.99925786 0.0007421099
0 0.9996978 0.0003021677
0 0.99984694 0.00015300728
0 0.9998833 0.00011668523
0 0.99972385 0.00027616264
0 0.9997789 0.00022105251
0 0.9997876 0.00021237807
0 0.999223 0.00077705533
0 0.99986017 0.00013977861
0 0.9998418 0.00015812456
0 0.99990976 9.0203626e-05
0 0.9999188 8.120216e-05
0 0.9999157 8.429261e-05
0 0.999752 0.00024802072
0 0.9998035 0.00019649828
1 9.9567726e-05 0.99990046
1 8.5298656e-05 0.99991465
0 0.6423746 0.35762545
1 0.00012381369 0.99987614
1 0.00013478671 0.9998652
1 0.00010342588 0.9998965
0 0.9999373 6.26552e-05
0 0.9999454 5.45974e-05
0 0.9999368 6.315442e-05
0 0.9999323 6.7747125e-05
0 0.99993503 6.493509e-05
0 0.9998023 0.00019777232
0 0.9995573 0.00044266068
0 0.9999231 7.694363e-05
0 0.9999242 7.585824e-05
0 0.99993336 6.664843e-05
0 0.9999348 6.5192704e-05
0 0.99992216 7.7857e-05
0 0.9999262 7.3752846e-05
0 0.9999509 4.910324e-05
0 0.99994516 5.4787713e-05
0 0.6423746 0.35762545
0 0.9999474 5.2582876e-05
0 0.99995136 4.860224e-05
0 0.9999472 5.283239e-05
0 0.99994504 5.4973352e-05
0 0.9999553 4.4684526e-05
0 0.6423746 0.35762545
0 0.9999527 4.7317142e-05
0 0.99995315 4.68137e-05
0 0.99995613 4.3821623e-05
0 0.9999566 4.343379e-05
0 0.999956 4.398751e-05
0 0.99995685 4.3117667e-05
0 0.9999552 4.4833665e-05
0 0.99994767 5.2337848e-05
0 0.9999231 7.694363e-05
1 0.00023580619 0.99976414
1 0.00051442254 0.9994855
1 0.00021825913 0.9997818
1 0.00019662909 0.99980336
1 0.00018640092 0.9998136
0 0.9999006 9.943603e-05
0 0.9999031 9.687696e-05
0 0.99990094 9.909423e-05
1 0.2830372 0.7169628
1 0.36182597 0.638174
0 0.9754886 0.02451133
0 0.9676762 0.03232375
0 0.964646 0.035354003
0 0.9868482 0.013151808
0 0.77882946 0.2211705
0 0.6727249 0.32727507
0 0.9587486 0.041251455
0 0.9182247 0.08177526
0 0.85012925 0.14987077
0 0.9728785 0.027121508
0 0.99920875 0.0007912744
0 0.99781334 0.0021866604
0 0.9987413 0.0012587396
0 0.9938601 0.006139908
0 0.99914265 0.0008572759
0 0.99950266 0.0004973403
0 0.99929225 0.00070775504
0 0.9998301 0.00016978542
0 0.95311457 0.046885483
0 0.9842247 0.01577532
0 0.9942251 0.0057749734
0 0.9427647 0.057235356
0 0.99477494 0.0052250037
0 0.9728592 0.027140763
0 0.9533987 0.046601277
0 0.9983271 0.0016728719
0 0.9669617 0.03303839
0 0.995106 0.0048939995
0 0.99957687 0.0004230745
0 0.9838524 0.016147608
0 0.99986684 0.00013309877
0 0.9995888 0.00041118922
0 0.9996555 0.00034452934
0 0.99902165 0.0009782959
0 0.9985991 0.001400833
0 0.9998307 0.00016930305
0 0.9997148 0.00028519964
0 0.99976474 0.00023525962
0 0.99975616 0.00024387773
0 0.9998448 0.00015514958
1 0.0013074571 0.9986926
1 0.0021803768 0.99781966
1 0.0042745634 0.9957254
1 0.018386848 0.98161316
1 0.00056198257 0.999438
0 0.9999062 9.382567e-05
0 0.9999182 8.1730956e-05
0 0.999882 0.00011803778
0 0.9997905 0.00020949681
0 0.99988806 0.00011191252
0 0.9998435 0.00015646649
0 0.99979895 0.00020109389
0 0.9998179 0.00018208634
0 0.9999012 9.884988e-05
0 0.99994445 5.5553945e-05
0 0.9999356 6.43528e-05
0 0.99994373 5.6263838e-05
0 0.9999405 5.9500326e-05
0 0.9999442 5.581952e-05
0 0.9997118 0.00028820254
0 0.9987025 0.0012974835
0 0.9998932 0.00010685751
0 0.9997148 0.00028519964
0 0.9999052 9.471995e-05
0 0.9999107 8.925805e-05
0 0.9998996 0.00010042324
0 0.9999504 4.9573882e-05
0 0.9999473 5.2697334e-05
0 0.9999443 5.567609e-05
1 0.050652187 0.9493478
1 0.067687355 0.93231267
1 0.14211829 0.8578817
1 0.30570573 0.6942943
1 0.24205261 0.7579474
0 0.9887572 0.011242773
0 0.9880925 0.01190749
0 0.99172664 0.00827339
0 0.92120844 0.07879156
0 0.9861151 0.013884857
0 0.97624743 0.023752589
0 0.9131028 0.08689713
0 0.7370132 0.26298678
0 0.80188423 0.1981158
0 0.94671804 0.053282034
0 0.99235004 0.007649975
0 0.9861151 0.013884857
0 0.9919058 0.00809417
0 0.92153627 0.07846381
0 0.78686213 0.21313788
0 0.98250234 0.017497675
0 0.9596059 0.040394098
1 0.0112518575 0.9887481
1 0.3255101 0.6744899
0 0.98794633 0.012053621
0 0.70244724 0.29755276
1 0.40401888 0.5959811
0 0.98998 0.01002002
1 0.0057214946 0.99427843
1 0.00039570002 0.9996043
1 0.0002369484 0.9997631
1 0.00015525526 0.9998447
0 0.9999304 6.96555e-05
0 0.999913 8.697449e-05
0 0.99992955 7.046737e-05
0 0.9999428 5.7257443e-05
0 0.99994445 5.5582615e-05
0 0.99993885 6.113925e-05
0 0.9999342 6.5747416e-05
0 0.9933907 0.0066092843
0 0.99667114 0.0033288952
0 0.9435596 0.056440443
1 0.013216615 0.9867834
1 0.43894118 0.5610588
1 0.008330664 0.9916693
1 0.0023422006 0.9976578
1 0.0023239253 0.9976761
0 0.9994715 0.0005284817
0 0.9993148 0.00068523857
0 0.99875426 0.001245724
0 0.9992193 0.0007807041
0 0.9842014 0.015798636
0 0.99883133 0.001168656
0 0.9998666 0.00013339736
0 0.9997929 0.0002071344
0 0.9989466 0.0010534107
0 0.99979025 0.00020975625
0 0.9813524 0.018647568
0 0.9973431 0.0026568712
0 0.9995401 0.00045993485
0 0.9826177 0.017382285
0 0.9916583 0.008341717
0 0.98076 0.019239996
0 0.8888141 0.111185916
0 0.9996345 0.00036546664
0 0.9997824 0.00021765438
0 0.9995788 0.00042121395
0 0.9998493 0.00015070387
0 0.9997527 0.0002472529
0 0.80546254 0.19453746
1 0.4926298 0.50737023
0 0.9807272 0.019272843
0 0.9792891 0.020710908
0 0.998623 0.0013769639
0 0.99671835 0.0032816853
0 0.9954665 0.0045334557
0 0.98754567 0.012454357
0 0.99704546 0.0029545831
0 0.9974663 0.0025337227
0 0.9997049 0.00029510426
0 0.999762 0.00023805823
0 0.999134 0.000865988
0 0.9992415 0.0007584973
0 0.99429756 0.005702407
0 0.9984157 0.0015842945
0 0.99875045 0.0012495845
0 0.79636836 0.20363164
0 0.8575698 0.1424302
0 0.9210018 0.07899815
0 0.9772479 0.022752073
0 0.9964713 0.0035286841
0 0.949773 0.050226964
0 0.9998598 0.00014014724
0 0.99884737 0.0011526309
0 0.9998585 0.00014147192
0 0.9994141 0.0005859567
0 0.99685895 0.0031410872
0 0.9997948 0.0002052504
0 0.9995376 0.00046247395
0 0.99986637 0.00013367215
0 0.9997075 0.00029248444
0 0.99947184 0.0005282145
0 0.99898547 0.0010145226
0 0.99854314 0.0014568202
1 0.03293511 0.96706486
1 0.07541196 0.924588
1 0.017700871 0.98229915
1 0.033816747 0.96618325
1 0.0023231294 0.9976769
0 0.999772 0.00022805178
0 0.9999299 7.0031194e-05
0 0.99992037 7.966146e-05
0 0.9998846 0.00011533783
0 0.99987626 0.00012373981
0 0.99994135 5.866288e-05
0 0.99994564 5.435604e-05
0 0.999948 5.2023315e-05
0 0.9999443 5.5657507e-05
0 0.99994946 5.050408e-05
0 0.9999577 4.2353626e-05
0 0.9999554 4.4589393e-05
0 0.99994147 5.8471534e-05
0 0.99995124 4.879409e-05
0 0.99995625 4.3724194e-05
0 0.99994814 5.1867224e-05
0 0.99995196 4.8003843e-05
0 0.99994826 5.1793082e-05
0 0.99995184 4.8166723e-05
0 0.99994934 5.0603292e-05
0 0.99995565 4.4297285e-05
0 0.99994934 5.065327e-05
0 0.99994993 5.0068847e-05
0 0.999954 4.5982415e-05
0 0.99994016 5.9829992e-05
0 0.9999547 4.5257555e-05
0 0.9999535 4.6485216e-05
0 0.9999565 4.3503846e-05
0 0.9999565 4.348829e-05
0 0.99995303 4.700651e-05
0 0.99995303 4.6928842e-05
0 0.90745926 0.09254067
1 0.37795535 0.6220446
1 0.18940738 0.81059265
1 0.10817135 0.89182866
1 0.11761543 0.8823846
0 0.999718 0.00028195986
0 0.9958191 0.004180886
0 0.9998703 0.00012966471
0 0.9999156 8.444676e-05
0 0.99975294 0.00024707546
0 0.9990095 0.0009904983
0 0.9900097 0.009990208
0 0.99756444 0.0024355599
0 0.99924576 0.0007542731
0 0.9940469 0.0059530945
0 0.99481994 0.0051801354
0 0.90494114 0.09505881
1 0.3062385 0.69376147
0 0.90494114 0.09505881
1 0.24191082 0.7580892
0 0.6874426 0.31255743
1 0.39103013 0.6089698
0 0.9997917 0.00020832954
0 0.9995104 0.0004896415
1 0.27373025 0.7262697
0 0.5684088 0.4315912
0 0.6785988 0.32140112
1 0.46194026 0.5380597
0 0.5873089 0.41269115
0 0.8553853 0.14461467
0 0.99172056 0.008279444
0 0.94628775 0.053712226
0 0.9752006 0.024799429
0 0.8342599 0.16574006
0 0.8811878 0.118812226
0 0.7431347 0.2568653
0 0.5540398 0.44596022
1 0.49924698 0.500753
0 0.9073375 0.09266256
0 0.9625035 0.037496522
0 0.9675281 0.03247191
1 0.28056228 0.7194377
1 0.14886276 0.8511373
0 0.8604971 0.13950285
1 0.17076221 0.82923776
1 0.018317388 0.98168254
0 0.8857905 0.11420949
0 0.8708387 0.12916133
1 0.45506272 0.54493725
0 0.7803081 0.21969186
0 0.9371066 0.06289346
0 0.97364897 0.026351027
0 0.9613901 0.03860994
1 0.4829384 0.5170616
0 0.67949814 0.32050183
1 0.035702765 0.96429724
0 0.5344644 0.4655356
1 0.003748491 0.9962515
1 0.012383167 0.98761684
1 0.0048857066 0.9951142
0 0.94192755 0.05807241
0 0.5344644 0.4655356
0 0.99324965 0.006750394
0 0.9951218 0.0048781876
0 0.9887692 0.011230827
0 0.99832004 0.0016799786
0 0.998478 0.0015220405
0 0.9995696 0.00043045165
0 0.9997651 0.0002348553
0 0.9997409 0.00025911554
1 0.31280366 0.6871964
0 0.9176083 0.08239166
0 0.9204727 0.079527296
0 0.9768072 0.023192786
1 0.47272497 0.527275
0 0.58121425 0.41878575
1 0.1996864 0.8003136
0 0.7343614 0.26563862
0 0.75634444 0.24365558
1 0.058105376 0.94189465
0 0.96300757 0.036992434
1 0.17070015 0.8292998
1 0.048990685 0.95100933
0 0.993042 0.0069580334
0 0.98943603 0.010563962
0 0.9981059 0.0018940584
0 0.99873763 0.0012623221
0 0.9989812 0.0010187407
0 0.99920756 0.0007924349
1 0.39825043 0.60174954
0 0.9112671 0.088732965
0 0.9996784 0.00032159686
0 0.9998591 0.00014091091
0 0.9997898 0.00021028692
0 0.99984 0.00015996148
0 0.9998919 0.00010813697
0 0.99974996 0.00024998313
0 0.9998895 0.00011048152
0 0.9997162 0.0002838092
0 0.9938061 0.006193868
0 0.98991406 0.010085982
0 0.9848541 0.015145856
1 0.011571083 0.9884289
1 0.011021868 0.9889781
0 0.999537 0.0004630609
0 0.99943846 0.0005615366
0 0.9995833 0.00041665824
0 0.99988043 0.00011952196
0 0.9995639 0.0004361531
0 0.9992298 0.00077022053
0 0.9995183 0.00048167864
0 0.9970041 0.0029958938
0 0.9935962 0.0064037205
0 0.9966815 0.003318432
0 0.9991811 0.00081885385
0 0.99991393 8.6058324e-05
0 0.9998418 0.00015822395
0 0.99988174 0.000118297845
0 0.99987745 0.00012251138
0 0.99991727 8.266757e-05
0 0.9231334 0.07686661
0 0.8009345 0.19906549
0 0.9064839 0.09351615
0 0.9861227 0.013877307
0 0.99871063 0.0012894241
0 0.9958574 0.0041425396
1 0.32989457 0.67010546
0 0.70250875 0.2974912
0 0.7185151 0.28148484
0 0.9698714 0.030128602
0 0.98791015 0.012089834
1 0.004128855 0.9958711
1 0.0025719125 0.9974281
1 0.010520059 0.98947996
1 0.032549165 0.9674509
1 0.006546893 0.99345315
0 0.9741372 0.025862806
0 0.99825877 0.0017412788
0 0.99968255 0.00031750998
0 0.9993975 0.0006024649
0 0.99928635 0.00071368756
0 0.9992932 0.0007068114
0 0.99990916 9.088825e-05
0 0.99992406 7.590874e-05
0 0.9998609 0.00013904562
0 0.99921656 0.0007834108
0 0.5815077 0.4184923
0 0.5495068 0.45049322
0 0.91720426 0.082795724
0 0.8130929 0.18690714
0 0.88834715 0.11165287
0 0.82447785 0.17552212
0 0.90919846 0.09080153
0 0.99743974 0.0025602314
0 0.9980106 0.001989398
0 0.99292725 0.0070727677
0 0.94478023 0.055219755
0 0.9906019 0.00939808
0 0.99170625 0.00829381
0 0.89233655 0.10766344
0 0.9979638 0.0020361769
0 0.9981 0.001900078
0 0.96759415 0.032405816
0 0.9885278 0.011472285
0 0.9646578 0.03534229
0 0.9970071 0.0029928957
0 0.99727565 0.0027243062
0 0.9968144 0.0031855663
0 0.98090965 0.019090371
0 0.9759201 0.024079883
0 0.98559856 0.014401452
0 0.84218746 0.15781255
0 0.9593219 0.04067814
0 0.9937475 0.0062525254
0 0.74091387 0.25908616
1 0.27908966 0.7209104
1 0.0017877172 0.99821234
0 0.98538613 0.0146138575
0 0.9315845 0.06841552
0 0.9999025 9.7504584e-05
0 0.99989927 0.00010068788
0 0.9998964 0.000103535815
0 0.9998828 0.000117210024
0 0.999869 0.00013097472
0 0.99978656 0.0002134532
0 0.99990475 9.519099e-05
0 0.9998846 0.00011542541
0 0.99987185 0.00012814168
0 0.9997737 0.0002262902
0 0.99984205 0.00015797536
0 0.9990207 0.0009793377
0 0.9994413 0.00055867294
0 0.99964285 0.00035714626
0 0.999811 0.00018898764
0 0.9997923 0.0002077757
0 0.9995154 0.00048453486
0 0.9996867 0.0003133511
0 0.9998795 0.00012046984
1 0.17156689 0.82843316
1 0.049933054 0.950067
0 0.9287944 0.0712056
1 0.028551439 0.97144854
1 0.0031419473 0.996858
0 0.89196134 0.1080387
0 0.95092523 0.049074747
0 0.50337565 0.49662432
1 0.29803833 0.7019617
0 0.8221893 0.17781079
0 0.5971814 0.40281862
0 0.52887714 0.4711229
0 0.5665663 0.4334337
0 0.8272904 0.17270957
0 0.9973711 0.002628962
0 0.9961283 0.0038717096
0 0.9854917 0.014508298
0 0.99305844 0.006941576
0 0.9973363 0.0026636943
0 0.9992902 0.00070979964
0 0.999178 0.0008220138
0 0.99927276 0.00072729256
0 0.99940646 0.0005935316
0 0.9991166 0.00088338455
0 0.9920644 0.007935607
0 0.9940655 0.005934404
0 0.99807763 0.0019223335
0 0.9967525 0.0032474897
0 0.98990166 0.01009831
1 0.018110149 0.98188984
1 0.023851698 0.97614837
1 0.02017042 0.97982955
1 0.00021902751 0.99978095
1 0.00028296383 0.99971706
1 0.00020267116 0.9997974
1 9.624392e-05 0.9999038
1 0.00010926887 0.9998907
0 0.9994885 0.00051155675
0 0.9993824 0.0006176588
0 0.9993824 0.00061764737
0 0.9986243 0.0013756466
0 0.9992113 0.00078866904
0 0.99991846 8.154786e-05
0 0.9998951 0.00010488618
0 0.99995196 4.800293e-05
0 0.99994266 5.737545e-05
0 0.999956 4.401911e-05
0 0.99995613 4.383224e-05
1 0.00292042 0.9970796
1 0.0030736087 0.99692637
0 0.99663913 0.0033608594
0 0.998874 0.0011259919
0 0.9990808 0.0009191573
0 0.9997427 0.0002573242
0 0.999796 0.00020400599
0 0.99991035 8.961343e-05
0 0.9997894 0.00021062724
0 0.99991393 8.605635e-05
0 0.99994516 5.4864628e-05
0 0.9999312 6.8763e-05
0 0.99988997 0.00011002502
0 0.99981886 0.00018113566
0 0.9999434 5.6656885e-05
0 0.9998964 0.000103575505
1 0.00039468776 0.99960536
1 0.0681332 0.93186677
1 0.26167995 0.73832005
1 0.0062307394 0.9937692
0 0.94921714 0.050782792
0 0.9858024 0.014197593
0 0.9988657 0.0011343024
0 0.9985286 0.0014714131
1 0.00041577886 0.99958426
1 0.0005308305 0.9994692
1 0.00013799527 0.99986196
1 0.00025841803 0.9997416
1 0.00020113627 0.99979883
0 0.99994063 5.9408478e-05
0 0.99995005 4.993724e-05
0 0.9999317 6.8327674e-05
0 0.99994886 5.1147545e-05
0 0.9999286 7.134931e-05
0 0.99994993 5.006847e-05
0 0.9999571 4.28998e-05
0 0.99995494 4.5109893e-05
0 0.9999542 4.5768924e-05
0 0.9999548 4.5229946e-05
0 0.99995196 4.7982103e-05
0 0.9999502 4.9861388e-05
0 0.9999434 5.659737e-05
0 0.99993074 6.9222166e-05
0 0.9999558 4.4268956e-05
0 0.99995303 4.6923826e-05
0 0.9999565 4.3486423e-05
0 0.9999554 4.4557128e-05
0 0.9999497 5.0291896e-05
0 0.99995124 4.875223e-05
0 0.99995375 4.626842e-05
0 0.9999548 4.5228393e-05
0 0.9999496 5.0371953e-05
0 0.9999486 5.1364765e-05
0 0.99995744 4.2578547e-05
0 0.99995184 4.8148264e-05
0 0.9999511 4.884027e-05
0 0.99995196 4.806046e-05
0 0.99995494 4.5113724e-05
0 0.99995005 4.9978356e-05
0 0.9999554 4.4585096e-05
0 0.9999554 4.460474e-05
0 0.9999516 4.834721e-05
0 0.9999498 5.0162234e-05
0 0.99994886 5.1132378e-05
0 0.9999492 5.0824558e-05
0 0.9999509 4.9078382e-05
0 0.99995494 4.5103872e-05
0 0.9999398 6.0245646e-05
0 0.99994814 5.1820054e-05
1 0.008457667 0.99154234
1 0.025927 0.97407305
1 0.048336048 0.9516639
1 0.013601488 0.9863985
1 0.013568964 0.98643106
0 0.99544096 0.0045590126
0 0.9562108 0.04378923
0 0.99991095 8.904321e-05
0 0.9989496 0.0010504739
0 0.9999113 8.864917e-05
0 0.9999033 9.666251e-05
0 0.99993 6.991202e-05
0 0.9995196 0.00048036475
0 0.9974837 0.0025163398
0 0.99857426 0.0014257684
0 0.9996884 0.00031165793
0 0.99967384 0.00032622673
0 0.9993548 0.0006452759
0 0.9562108 0.04378923
0 0.99826545 0.001734606
0 0.99688065 0.0031193933
0 0.98785293 0.012147038
0 0.99992764 7.23851e-05
0 0.99989617 0.000103760955
0 0.99993515 6.489957e-05
0 0.99994016 5.9840546e-05
0 0.99993885 6.112859e-05
0 0.9998567 0.00014328035
0 0.9981553 0.0018446442
0 0.99964 0.0003600037
0 0.9997023 0.00029764217
0 0.99874556 0.0012544452
1 0.020130452 0.9798695
1 0.21323572 0.78676426
1 0.0032157856 0.9967842
1 0.16172393 0.8382761
1 0.00745783 0.99254215
0 0.991668 0.008331948
1 0.083043404 0.9169566
0 0.80082256 0.19917749
0 0.66024584 0.33975422
0 0.9330051 0.06699493
1 0.3207353 0.6792647
0 0.5538055 0.44619456
1 0.09149202 0.908508
1 0.2898798 0.71012026
0 0.8006763 0.19932371
1 0.080789454 0.91921055
1 0.26170278 0.73829716
0 0.9569711 0.04302887
0 0.96297944 0.03702057
0 0.99769163 0.0023084483
0 0.9936765 0.006323532
0 0.9950223 0.004977757
0 0.9998466 0.00015338708
0 0.99988437 0.000115632196
0 0.9995745 0.00042555484
0 0.99915314 0.00084688526
0 0.99955434 0.00044561457
0 0.9998863 0.00011369182
0 0.99841654 0.0015834634
0 0.9716896 0.028310414
0 0.999908 9.207191e-05
0 0.9994863 0.0005136838
0 0.9994356 0.0005644183
0 0.99899465 0.0010053349
0 0.9998405 0.00015943263
0 0.9995503 0.00044967944
0 0.9954131 0.004586957
0 0.99971896 0.00028100554
0 0.99961853 0.00038148096
0 0.9998609 0.00013911245
0 0.9999145 8.544748e-05
0 0.9999311 6.8891124e-05
0 0.9998795 0.00012054902
0 0.99983835 0.00016160357
0 0.9998776 0.00012237128
0 0.9999281 7.1885006e-05
0 0.99993825 6.174809e-05
0 0.9953909 0.004609051
0 0.998061 0.0019389966
0 0.9992908 0.0007091708
0 0.9997209 0.00027907625
1 0.07071279 0.92928725
1 0.0073824464 0.99261755
1 0.0072184727 0.9927816
1 0.009647273 0.9903527
1 0.14907852 0.8509215
0 0.99961793 0.0003820409
0 0.9994135 0.00058648107
1 0.0001672783 0.99983275
1 0.00013990556 0.99986005
1 0.00010717722 0.99989283
1 0.00014089358 0.9998591
1 0.00012288919 0.9998771
0 0.9997429 0.000257014
0 0.98342955 0.016570456
0 0.9998227 0.00017735694
0 0.99985313 0.00014688943
0 0.9998586 0.00014138236
0 0.99995184 4.8208774e-05
0 0.9999392 6.079548e-05
0 0.9999335 6.651774e-05
0 0.9999392 6.079548e-05
0 0.99632275 0.0036772962
0 0.9999392 6.079548e-05
1 0.00038198862 0.99961793
1 0.00046724972 0.9995328
1 0.00045918202 0.9995408
1 0.00039985904 0.9996001
0 0.99993765 6.231859e-05
0 0.99994946 5.0529663e-05
0 0.99992085 7.9175865e-05
0 0.99993765 6.236003e-05
0 0.99993646 6.3517764e-05
0 0.9999031 9.690468e-05
0 0.9972235 0.0027764747
0 0.9999517 4.824073e-05
0 0.9999409 5.9169546e-05
0 0.5097053 0.49029467
1 0.027915556 0.9720845
0 0.9343953 0.06560465
1 0.007048537 0.99295145
1 0.005354251 0.99464583
0 0.97950006 0.020499956
0 0.9550326 0.044967446
1 0.0015074236 0.9984926
0 0.8233971 0.17660291
1 0.0007644002 0.99923563
1 0.00065185287 0.9993481
1 0.020959476 0.9790405
1 0.31651577 0.6834842
1 0.19060548 0.80939454
0 0.9448918 0.055108137
0 0.9967969 0.0032030572
1 0.31679362 0.68320644
1 0.124660514 0.8753395
1 0.16989793 0.8301021
1 0.15330365 0.8466963
0 0.71813554 0.2818645
1 0.052141268 0.94785875
0 0.8577242 0.14227583
0 0.99970776 0.00029224085
0 0.99963164 0.00036834565
0 0.99759394 0.0024060362
0 0.99930525 0.00069469167
0 0.99972934 0.0002706667
0 0.9996953 0.00030476466
0 0.9970739 0.002926163
0 0.9973718 0.002628252
1 0.012020085 0.9879799
1 0.019007178 0.98099285
1 0.055067386 0.9449326
1 0.037354805 0.96264523
1 0.011935491 0.98806447
0 0.97805035 0.021949658
0 0.98775613 0.012243824
0 0.9991818 0.0008181526
0 0.998042 0.0019579688
0 0.9975084 0.002491585
0 0.9993723 0.0006277374
0 0.99942774 0.0005721881
0 0.9909859 0.009014169
0 0.97132576 0.028674297
0 0.99619883 0.0038011651
0 0.9792532 0.020746838
0 0.9911969 0.008803189
1 0.089298725 0.9107013
1 0.039603114 0.96039695
1 0.0005482216 0.9994518
1 0.000638191 0.9993618
1 0.0012077045 0.9987923
1 0.0014426948 0.99855727
1 0.0032008109 0.9967991
1 0.4491149 0.55088514
0 0.9988426 0.001157427
0 0.99978226 0.00021775442
0 0.9996222 0.0003777445
0 0.9995229 0.0004770444
0 0.9997372 0.0002628115
0 0.9973725 0.0026275422
0 0.99602485 0.0039751837
0 0.9997266 0.00027341652
0 0.9988932 0.00110678
1 0.0069959043 0.99300414
1 0.039738867 0.96026117
1 0.0040851063 0.9959149
1 0.36007047 0.6399295
1 0.0044342196 0.9955657
0 0.98106784 0.018932126
1 0.05275001 0.94724995
1 0.34711093 0.652889
0 0.7441769 0.25582302
0 0.5447078 0.4552922
1 0.018719446 0.9812805
1 0.24961528 0.75038475
0 0.99006957 0.009930482
0 0.9746653 0.02533469
0 0.9966209 0.0033791035
0 0.99887997 0.0011200038
0 0.9983675 0.0016325692
0 0.9973066 0.0026934005
0 0.99948186 0.00051811675
0 0.992392 0.007608054
0 0.99939585 0.0006041961
1 0.0055985698 0.9944014
1 0.0005688353 0.9994312
1 0.00094614725 0.9990539
1 0.021803088 0.9781969
0 0.9997533 0.00024669693
0 0.99980074 0.00019933494
0 0.9997702 0.00022978656
0 0.9997136 0.0002863633
0 0.99946517 0.00053479936
0 0.9998803 0.00011972251
1 0.0051386626 0.9948613
1 0.18427189 0.81572807
1 0.0053516915 0.9946483
1 0.0017424579 0.9982576
1 0.0018005273 0.99819946
0 0.99940765 0.0005923912
0 0.9999032 9.6788404e-05
0 0.99990404 9.598409e-05
0 0.9997478 0.0002521456
0 0.99982786 0.00017216643
0 0.99854493 0.0014551212
0 0.99274534 0.0072545856
0 0.9978728 0.0021272122
0 0.99981326 0.00018673946
0 0.9908697 0.00913023
1 9.551678e-05 0.9999045
1 0.00010952435 0.99989045
1 9.1026326e-05 0.9999089
1 0.00011885799 0.99988115
1 0.0001416817 0.99985826
0 0.9998789 0.00012112098
0 0.99848264 0.0015173663
0 0.99809736 0.0019026208
0 0.9851634 0.0148366755
0 0.9915291 0.00847087
0 0.99763393 0.002366106
0 0.83371717 0.16628279
0 0.9650727 0.034927312
0 0.98397714 0.016022863
0 0.9951143 0.004885691
1 0.41307363 0.5869264
0 0.9899649 0.01003512
1 0.32291666 0.6770833
0 0.54793453 0.45206544
1 0.11257267 0.8874273
1 0.09722638 0.9027737
1 0.1287345 0.87126553
0 0.65585375 0.3441463
0 0.7424783 0.25752175
1 0.38949403 0.61050594
0 0.9690915 0.03090856
0 0.97948426 0.02051576
0 0.98510426 0.014895781
1 0.45588177 0.5441182
1 0.06132191 0.93867815
0 0.8584203 0.14157969
1 0.01760381 0.9823961
1 0.012889483 0.9871105
0 0.97209847 0.027901517
0 0.98573655 0.014263506
0 0.9999217 7.83443e-05
0 0.9998565 0.00014350926
0 0.99983656 0.00016344085
0 0.999881 0.00011893009
0 0.99982625 0.00017373636
1 0.0001928438 0.9998072
1 0.0005931759 0.9994068
1 0.0002578144 0.9997422
1 0.00022658662 0.99977344
1 0.002925548 0.9970745
0 0.9996629 0.0003370903
0 0.9998323 0.00016774565
0 0.99991834 8.162877e-05
0 0.9996617 0.00033837373
0 0.9998299 0.00017010304
0 0.999864 0.00013600365
0 0.9999043 9.5740565e-05
0 0.99985933 0.00014061226
0 0.99980897 0.00019109502
1 0.0012620613 0.998738
1 0.06757115 0.93242884
1 0.01055623 0.9894438
1 0.00052853784 0.9994715
1 0.0007334019 0.99926656
0 0.99989367 0.00010635086
0 0.99989986 0.000100173806
0 0.99989605 0.000103949824
0 0.9827747 0.017225334
0 0.9997414 0.0002586014
0 0.9999238 7.613144e-05
0 0.9999138 8.612564e-05
0 0.9999292 7.079329e-05
0 0.99993515 6.485762e-05
0 0.99993753 6.251764e-05
0 0.99995446 4.5505447e-05
0 0.9999534 4.660586e-05
0 0.99991703 8.293366e-05
0 0.9999325 6.741046e-05
0 0.9999479 5.204102e-05
0 0.999944 5.6052304e-05
0 0.9999453 5.4693333e-05
0 0.9999443 5.5622273e-05
0 0.9999461 5.3906067e-05
0 0.9999535 4.6528945e-05
0 0.99994874 5.120201e-05
1 0.0007346527 0.9992654
1 0.0003933869 0.99960667
1 0.00053553237 0.99946445
1 0.0006797425 0.99932027
0 0.9998988 0.00010125105
0 0.9998779 0.00012203953
0 0.9999124 8.761455e-05
0 0.9999393 6.066048e-05
0 0.999949 5.106041e-05
0 0.9999461 5.3899174e-05
0 0.99993575 6.423888e-05
0 0.9999366 6.3461404e-05
1 0.0016725495 0.99832743
1 0.013800692 0.98619926
1 0.0005691894 0.99943084
1 0.0020604557 0.9979395
1 0.0016937911 0.99830616
0 0.99952126 0.00047870842
0 0.9969981 0.0030019013
0 0.9999244 7.5590266e-05
0 0.99936706 0.0006329157
0 0.9999244 7.559769e-05
0 0.9999306 6.932567e-05
0 0.99994063 5.936011e-05
0 0.99991167 8.8327935e-05
0 0.9998653 0.0001347104
0 0.9995116 0.00048839056
0 0.9999175 8.250929e-05
0 0.9999157 8.424744e-05
0 0.99987614 0.00012379905
0 0.9969981 0.0030019013
0 0.99980825 0.00019175338
0 0.99977094 0.00022912103
0 0.99964726 0.00035272783
0 0.9999325 6.7482244e-05
0 0.99993145 6.8558984e-05
0 0.9999447 5.5291162e-05
0 0.9999423 5.769532e-05
0 0.9999479 5.2112737e-05
0 0.99993086 6.91639e-05
0 0.999907 9.303072e-05
0 0.9999229 7.717025e-05
0 0.9998623 0.0001377174
0 0.99979347 0.000206553
1 0.0012396702 0.99876034
1 0.010154764 0.9898453
1 0.0036299855 0.9963701
1 0.0011850428 0.99881494
1 0.0006608388 0.99933916
0 0.9828614 0.017138576
0 0.99557966 0.004420315
0 0.99975544 0.00024455553
0 0.9993167 0.00068329717
0 0.99901605 0.0009839737
0 0.9998056 0.00019438544
0 0.99979764 0.00020237436
1 0.043477435 0.9565225
1 0.00838037 0.9916196
1 0.016013032 0.983987
1 0.011893334 0.9881067
1 0.00053344114 0.9994666
0 0.9996263 0.00037365255
0 0.9993413 0.0006586189
0 0.99972326 0.0002767697
0 0.9990308 0.00096914417
0 0.9999064 9.353418e-05
0 0.9996119 0.00038807644
0 0.99984276 0.000157233
0 0.9995813 0.00041870403
0 0.99936396 0.00063609483
0 0.9998093 0.00019075061
0 0.99984884 0.0001511056
0 0.99978584 0.00021417078
0 0.99989295 0.00010708966
0 0.99983907 0.00016087314
0 0.9999305 6.949805e-05
1 0.036666702 0.9633333
1 0.063752726 0.9362473
1 0.021899162 0.9781009
1 0.46930936 0.53069067
0 0.87610865 0.12389135
0 0.94457656 0.055423427
0 0.80517673 0.19482325
0 0.91951615 0.080483854
0 0.9886496 0.011350414
0 0.635536 0.36446398
0 0.6102231 0.38977692
0 0.60376334 0.39623666
0 0.58428526 0.4157147
0 0.71577835 0.28422162
0 0.7743117 0.22568828
0 0.7575505 0.24244949
