1 5.2910735e-05 0.9999471
1 0.00028279255 0.9997172
1 4.0324416e-05 0.9999597
1 4.1609237e-05 0.9999584
1 3.7340436e-05 0.9999627
0 0.99998724 1.2794672e-05
0 0.9999825 1.7470607e-05
0 0.9999876 1.2391982e-05
0 0.99994767 5.2384436e-05
0 0.9999833 1.6635342e-05
1 0.0014525385 0.9985475
1 0.46989712 0.5301029
1 0.00019328302 0.9998067
1 0.0002554851 0.9997445
1 0.00021650233 0.99978346
0 0.9246184 0.07538153
1 0.46989712 0.5301029
0 0.96064055 0.039359465
0 0.9403685 0.059631485
0 0.9997608 0.00023923618
0 0.9999534 4.6649613e-05
0 0.9999765 2.3490216e-05
0 0.99890697 0.0010930331
0 0.99995136 4.8600803e-05
1 0.005179123 0.99482083
1 6.928576e-05 0.99993074
1 0.0018846715 0.9981153
1 0.00015769439 0.9998423
1 0.06915235 0.93084764
0 0.8086023 0.19139779
1 0.46182016 0.5381798
0 0.9999064 9.3534894e-05
0 0.99994564 5.4398097e-05
0 0.9999738 2.6248277e-05
0 0.99995387 4.6189594e-05
0 0.99998355 1.649459e-05
0 0.9989812 0.0010188018
0 0.99994683 5.319974e-05
0 0.9973442 0.0026558698
0 0.9929092 0.0070908195
0 0.9952537 0.0047463463
0 0.9999856 1.43717e-05
0 0.99998593 1.4121379e-05
0 0.9999876 1.2396308e-05
0 0.99998724 1.27485455e-05
0 0.999987 1.2962104e-05
1 0.00013286369 0.9998671
1 0.45692363 0.5430764
1 0.00031381208 0.99968624
1 4.2924927e-05 0.9999571
1 9.998408e-05 0.9999
0 0.9996706 0.00032937338
0 0.99962664 0.00037340156
0 0.999902 9.7926495e-05
0 0.9999188 8.119751e-05
0 0.9999422 5.777449e-05
0 0.9999838 1.6224767e-05
0 0.99998164 1.8400886e-05
0 0.99996436 3.5614656e-05
0 0.9999589 4.1111005e-05
0 0.99993896 6.098e-05
1 0.45692363 0.5430764
0 0.9999682 3.183848e-05
0 0.999974 2.5961985e-05
0 0.9999869 1.3105044e-05
0 0.999985 1.4964988e-05
0 0.9999852 1.478795e-05
0 0.9999851 1.49141115e-05
0 0.9999862 1.3802406e-05
0 0.9999845 1.5534177e-05
0 0.99998105 1.892865e-05
0 0.99992764 7.2349896e-05
0 0.9998511 0.00014885182
0 0.9999808 1.9215015e-05
0 0.9999753 2.4623658e-05
1 0.00041191775 0.9995881
1 4.680401e-05 0.99995315
1 0.00010880546 0.99989116
1 0.00037323034 0.99962676
1 0.0069682514 0.99303174
0 0.99997926 2.0688782e-05
0 0.9998728 0.00012718994
0 0.9999852 1.4725916e-05
0 0.9999845 1.5529644e-05
0 0.9999865 1.344016e-05
0 0.9999863 1.3658854e-05
0 0.9999871 1.2887902e-05
0 0.99873286 0.0012671031
0 0.9999504 4.9610775e-05
0 0.99017113 0.009828844
0 0.9998821 0.00011785704
0 0.994173 0.0058270073
0 0.99998784 1.2135277e-05
0 0.9999877 1.2254904e-05
0 0.9999876 1.238416e-05
0 0.99998784 1.22014235e-05
0 0.99998784 1.2195258e-05
1 0.00013047025 0.99986947
0 0.629962 0.37003794
1 6.0975406e-05 0.99993896
1 0.00018601102 0.999814
1 4.3295087e-05 0.9999567
0 0.99987006 0.00012993925
0 0.629962 0.37003794
0 0.99994075 5.9241807e-05
0 0.99993205 6.7950146e-05
0 0.9998789 0.00012108622
0 0.9999825 1.749695e-05
0 0.99978226 0.00021780345
0 0.99996674 3.3312466e-05
0 0.629962 0.37003794
0 0.99998784 1.2111784e-05
0 0.9999875 1.2495915e-05
0 0.9999877 1.2255827e-05
1 0.00023681197 0.9997632
1 0.00036248326 0.9996375
0 0.62718254 0.37281743
0 0.9998048 0.00019523618
1 0.00070573174 0.9992943
1 0.00018062792 0.99981946
0 0.9998616 0.00013838559
0 0.9976744 0.0023255886
1 0.011522468 0.9884775
0 0.99802905 0.0019709736
0 0.99985945 0.00014053412
0 0.999964 3.5958245e-05
1 0.00014668045 0.99985325
0 0.6341122 0.36588776
1 8.4926854e-05 0.9999151
1 6.453267e-05 0.9999355
1 3.2203512e-05 0.9999678
0 0.9999552 4.4866683e-05
0 0.6341122 0.36588776
0 0.9999646 3.5359015e-05
0 0.9999652 3.4809647e-05
0 0.999918 8.197816e-05
0 0.9999833 1.6722588e-05
0 0.9998235 0.00017654522
0 0.9999845 1.5554411e-05
0 0.6341122 0.36588776
0 0.9999875 1.25253255e-05
0 0.9999871 1.292871e-05
0 0.99998784 1.2159304e-05
1 0.0001002995 0.99989974
1 4.4057782e-05 0.9999559
1 5.5146196e-05 0.9999448
1 3.2777763e-05 0.9999672
1 3.225287e-05 0.9999677
0 0.9993247 0.00067531934
0 0.9997614 0.00023864294
0 0.998386 0.0016140431
0 0.99975926 0.00024072388
0 0.9999666 3.3322984e-05
0 0.9999865 1.3461569e-05
0 0.9999852 1.4752397e-05
0 0.9999864 1.3557422e-05
0 0.99998736 1.2620587e-05
0 0.99998355 1.6422122e-05
0 0.99998474 1.5247441e-05
1 0.17445752 0.8255425
0 0.9103578 0.08964229
0 0.99977726 0.00022279374
0 0.9977755 0.0022244893
0 0.9992206 0.00077938207
0 0.99916434 0.00083562074
0 0.9984611 0.0015388296
1 0.0011994255 0.9988005
1 0.001588666 0.9984113
1 8.670015e-05 0.99991333
1 0.00046830648 0.99953175
1 0.0037655353 0.9962345
1 3.571584e-05 0.99996424
1 3.744013e-05 0.99996257
1 4.679379e-05 0.99995315
1 4.7767753e-05 0.9999522
0 0.9999826 1.7347418e-05
0 0.9999857 1.4249433e-05
0 0.99998605 1.3905909e-05
0 0.99998534 1.4662016e-05
0 0.9999871 1.28668025e-05
0 0.9999865 1.3476944e-05
0 0.99998474 1.5259558e-05
0 0.9999862 1.38557e-05
0 0.99998546 1.45879285e-05
0 0.99998724 1.2719449e-05
1 2.2406595e-05 0.9999776
1 3.32811e-05 0.99996674
1 2.3078454e-05 0.9999769
1 1.7059008e-05 0.99998295
1 1.7946819e-05 0.999982
1 1.7264832e-05 0.9999827
0 0.9999864 1.357986e-05
0 0.99998426 1.5676596e-05
0 0.99998486 1.5186522e-05
0 0.9999852 1.4764501e-05
0 0.9999856 1.4403299e-05
0 0.99998593 1.4029375e-05
0 0.9999856 1.4435863e-05
1 0.00015537284 0.99984455
1 0.00038788118 0.99961215
1 0.0001653348 0.99983466
1 3.4375655e-05 0.99996567
1 4.0076764e-05 0.99995995
0 0.999977 2.3050323e-05
0 0.99998176 1.824871e-05
0 0.9998282 0.00017174357
0 0.9999348 6.521062e-05
0 0.9995983 0.00040164505
1 0.012983023 0.987017
1 0.006684364 0.99331564
1 0.010832051 0.9891679
1 0.0055067143 0.99449337
1 0.0033021683 0.9966979
0 0.9766292 0.023370799
0 0.9962304 0.0037695083
0 0.9930125 0.0069875177
0 0.99958104 0.0004189444
0 0.99963 0.00036998003
0 0.9999831 1.6928096e-05
0 0.9999615 3.8529815e-05
0 0.99998546 1.4485894e-05
0 0.99998677 1.3178107e-05
0 0.9999815 1.8515146e-05
0 0.99991226 8.774482e-05
1 0.05982486 0.9401751
0 0.9746003 0.025399707
0 0.9991959 0.000804102
1 5.872904e-05 0.99994123
1 6.3396496e-05 0.9999366
1 0.00015763154 0.9998423
1 0.0001456723 0.9998543
1 9.441975e-05 0.9999056
0 0.99996376 3.623926e-05
0 0.9999417 5.834299e-05
0 0.9999527 4.7295493e-05
0 0.9999049 9.507242e-05
0 0.9998971 0.00010292158
1 0.25195912 0.74804085
1 0.04570692 0.954293
1 0.0719691 0.9280309
1 0.417356 0.582644
1 0.046590954 0.9534091
0 0.99965954 0.0003404641
0 0.9999434 5.664024e-05
0 0.9984164 0.0015836218
0 0.99992526 7.468979e-05
0 0.9987379 0.0012621551
1 3.8715487e-05 0.99996126
1 3.8107682e-05 0.99996185
1 3.862812e-05 0.9999614
1 4.1643852e-05 0.9999584
1 4.1241095e-05 0.99995875
0 0.99998474 1.52155435e-05
0 0.999602 0.00039801575
0 0.9999863 1.3659113e-05
0 0.99998736 1.2580643e-05
0 0.9999844 1.5648488e-05
0 0.99995613 4.387758e-05
0 0.9994535 0.00054656196
0 0.99528056 0.0047194487
0 0.9985185 0.001481508
1 0.00016834526 0.9998317
1 0.00019385241 0.9998062
1 7.809368e-05 0.9999219
0 0.99996006 3.9962e-05
0 0.99994624 5.3798372e-05
0 0.99995434 4.5667515e-05
0 0.9998528 0.00014725432
0 0.9999578 4.213897e-05
0 0.9999666 3.3318473e-05
0 0.9977543 0.0022457629
0 0.9999325 6.743541e-05
0 0.9998888 0.00011118592
0 0.9999865 1.3418962e-05
0 0.99998045 1.952611e-05
0 0.9999851 1.4908537e-05
0 0.99997747 2.257027e-05
0 0.99992704 7.293219e-05
0 0.9999852 1.47705705e-05
0 0.99996257 3.742596e-05
0 0.9999852 1.4739023e-05
0 0.9999877 1.2261847e-05
0 0.9999863 1.3718747e-05
0 0.99998224 1.7816232e-05
0 0.9999869 1.30579365e-05
0 0.999987 1.2985053e-05
0 0.9999548 4.5145393e-05
0 0.9999869 1.3108143e-05
0 0.9999877 1.2271393e-05
0 0.9999876 1.2386405e-05
0 0.99998546 1.4589516e-05
0 0.9999864 1.3537641e-05
1 5.5899316e-05 0.9999441
1 6.295022e-05 0.99993706
1 4.0120503e-05 0.9999598
0 0.9999788 2.1180524e-05
0 0.9999707 2.9308127e-05
0 0.99998474 1.526777e-05
0 0.99998546 1.4518894e-05
0 0.9999863 1.3760416e-05
0 0.9999858 1.4157717e-05
0 0.9999683 3.172322e-05
0 0.99991953 8.0479374e-05
0 0.9999428 5.72373e-05
0 0.99998724 1.2755648e-05
0 0.99998116 1.888073e-05
0 0.99998736 1.2614402e-05
0 0.9999864 1.3534103e-05
0 0.99997926 2.0689888e-05
0 0.9999863 1.3728931e-05
0 0.99998474 1.5220536e-05
0 0.9999869 1.3077165e-05
0 0.9999876 1.2346319e-05
0 0.9999869 1.3119987e-05
0 0.9999871 1.2817997e-05
0 0.9999862 1.3825157e-05
0 0.9999875 1.251175e-05
0 0.9999827 1.7254808e-05
0 0.99998724 1.2777966e-05
0 0.9999869 1.3058907e-05
0 0.99998736 1.2663992e-05
0 0.9999876 1.23995e-05
0 0.9999863 1.3737208e-05
1 0.0012290003 0.998771
1 0.0016798937 0.99832004
1 0.00014767953 0.9998523
1 0.00064054364 0.9993594
1 8.775486e-05 0.99991226
0 0.99995065 4.9308343e-05
0 0.9987565 0.001243448
0 0.9996712 0.0003288416
0 0.9987565 0.001243448
0 0.999956 4.3936867e-05
0 0.99979717 0.0002028529
0 0.99983597 0.00016395126
0 0.9999484 5.15827e-05
0 0.99993896 6.108454e-05
0 0.9999502 4.9786886e-05
0 0.9999832 1.677456e-05
0 0.99993324 6.680368e-05
0 0.9999685 3.151862e-05
0 0.9999825 1.7567058e-05
0 0.99996877 3.1263808e-05
0 0.99994314 5.6857138e-05
1 0.00023585791 0.99976414
1 0.00022509697 0.9997749
1 6.647247e-05 0.9999335
1 4.6392972e-05 0.9999536
0 0.9999163 8.368982e-05
0 0.99990773 9.2204486e-05
0 0.9999713 2.8767878e-05
0 0.9999701 2.9918558e-05
0 0.99997854 2.1427162e-05
0 0.99998677 1.3213911e-05
0 0.9997929 0.00020717866
0 0.9999871 1.2906794e-05
0 0.99996674 3.3211152e-05
0 0.9999789 2.1137706e-05
1 2.5538588e-05 0.9999745
1 2.9143801e-05 0.9999709
1 2.66083e-05 0.9999734
1 1.7351256e-05 0.9999826
1 1.8780884e-05 0.99998116
1 1.735695e-05 0.9999826
0 0.9999857 1.42490935e-05
0 0.9999838 1.6245143e-05
0 0.9999856 1.4443436e-05
0 0.9999862 1.3852767e-05
0 0.9999863 1.3728407e-05
0 0.9999863 1.37489515e-05
0 0.9999864 1.3593401e-05
1 0.0008975155 0.9991025
1 0.0021424866 0.9978575
1 0.00090465357 0.9990953
1 0.010275181 0.9897249
1 0.005458058 0.99454194
0 0.9989831 0.0010168367
0 0.9997906 0.00020939417
0 0.99835384 0.0016461506
0 0.9991571 0.0008428788
0 0.99781597 0.0021839712
0 0.9999746 2.5341855e-05
0 0.999987 1.3052198e-05
0 0.9999589 4.116472e-05
0 0.99995494 4.5077e-05
0 0.99998164 1.8415054e-05
0 0.99996114 3.8839145e-05
0 0.99998105 1.9011162e-05
0 0.99996936 3.0655123e-05
0 0.99995434 4.56065e-05
0 0.9999721 2.7876478e-05
0 0.99996173 3.8289898e-05
0 0.9999765 2.3444783e-05
0 0.99998677 1.3246716e-05
0 0.99978083 0.0002191771
0 0.54140484 0.4585952
1 0.0040603266 0.99593973
0 0.9777525 0.022247517
0 0.8093895 0.19061051
0 0.99840766 0.00159239
0 0.9999846 1.5400625e-05
0 0.999987 1.29436485e-05
0 0.99998796 1.2049663e-05
0 0.9999858 1.4153573e-05
0 0.9999876 1.2355684e-05
0 0.999987 1.2966642e-05
0 0.99998724 1.274474e-05
0 0.9999877 1.2297987e-05
0 0.9999876 1.2403568e-05
0 0.999987 1.29924365e-05
0 0.999987 1.3045876e-05
0 0.99998486 1.5082314e-05
0 0.9999877 1.2327037e-05
0 0.99998677 1.32562955e-05
0 0.99998367 1.634818e-05
0 0.9999863 1.3661094e-05
0 0.9999827 1.7229666e-05
0 0.999982 1.8047811e-05
0 0.9999851 1.4928141e-05
0 0.9999875 1.25733395e-05
0 0.9999871 1.2846597e-05
0 0.9999187 8.1285674e-05
0 0.9999846 1.5403446e-05
0 0.99998343 1.6588514e-05
0 0.99998593 1.40593775e-05
0 0.99998677 1.3172717e-05
0 0.99922013 0.00077988545
0 0.99734664 0.0026532928
0 0.99995565 4.4303582e-05
0 0.99997556 2.4462723e-05
0 0.999982 1.7969665e-05
0 0.9999497 5.026207e-05
0 0.9999851 1.4845259e-05
0 0.99998534 1.46736265e-05
0 0.9999875 1.2478527e-05
0 0.99998677 1.3276121e-05
0 0.9999716 2.8353825e-05
0 0.99989593 0.00010411838
0 0.9999876 1.2434361e-05
0 0.9999875 1.2543458e-05
0 0.9999877 1.2231434e-05
0 0.9999877 1.2297646e-05
0 0.9999876 1.2396532e-05
0 0.9999875 1.2543458e-05
1 0.06270724 0.93729275
1 0.30186382 0.69813615
1 0.011104892 0.98889506
1 0.3918923 0.6081077
1 0.39728776 0.6027122
0 0.99864215 0.0013578726
0 0.9958411 0.004158945
1 0.004540819 0.9954592
1 0.00024798783 0.999752
1 0.00037193246 0.99962807
1 0.0025883731 0.99741167
1 0.027498374 0.9725016
0 0.9999875 1.2470271e-05
0 0.99998724 1.2731365e-05
0 0.99998724 1.27565e-05
0 0.99998724 1.2703737e-05
0 0.9999876 1.2427415e-05
0 0.9999875 1.2536832e-05
0 0.9999876 1.2435499e-05
0 0.99998474 1.5210843e-05
0 0.99998665 1.3355602e-05
0 0.99998164 1.8404133e-05
0 0.9997738 0.0002261502
0 0.9090865 0.09091344
0 0.99970263 0.0002973679
0 0.99988675 0.00011325576
0 0.9996228 0.0003771605
0 0.99909854 0.0009015275
0 0.99575317 0.004246825
0 0.99990034 9.961711e-05
0 0.9999089 9.1064445e-05
0 0.99972457 0.00027541615
0 0.7804393 0.21956073
0 0.98590106 0.014098924
0 0.99998677 1.32266705e-05
0 0.9999856 1.4387594e-05
0 0.9807991 0.019200869
1 0.06889171 0.9311083
0 0.9999871 1.2826544e-05
0 0.99998057 1.9379571e-05
1 0.000116314295 0.99988365
1 0.004798274 0.9952017
1 5.8307614e-05 0.9999417
1 0.00016809373 0.9998319
1 8.326038e-05 0.9999168
0 0.9999161 8.3943756e-05
0 0.99991286 8.715092e-05
0 0.99870396 0.0012960199
0 0.99883455 0.0011654289
0 0.9710488 0.028951205
1 7.016181e-05 0.9999298
1 3.8832626e-05 0.99996114
1 6.925835e-05 0.99993074
1 6.397868e-05 0.999936
1 4.211845e-05 0.9999579
0 0.9999863 1.3689147e-05
0 0.9999763 2.3706078e-05
0 0.999985 1.4964601e-05
0 0.99998665 1.337351e-05
0 0.9999863 1.3739199e-05
0 0.9999881 1.1912985e-05
0 0.9999881 1.1959816e-05
0 0.9999876 1.2448006e-05
0 0.99986756 0.00013244904
0 0.9961152 0.0038847849
0 0.99991095 8.9039735e-05
0 0.9992078 0.0007922402
1 0.003299752 0.9967002
1 0.110397674 0.8896023
0 0.7961609 0.20383914
0 0.88482356 0.11517642
0 0.84951895 0.15048105
0 0.6003035 0.3996965
0 0.6969339 0.3030661
0 0.9780667 0.02193335
0 0.9970125 0.0029875406
0 0.99353397 0.006465973
0 0.9999881 1.1897317e-05
0 0.99998736 1.2679459e-05
0 0.9999882 1.1833193e-05
0 0.99998796 1.1986488e-05
0 0.999987 1.2940884e-05
0 0.99998736 1.26915575e-05
0 0.99996114 3.8874907e-05
0 0.99979156 0.00020843802
0 0.99998784 1.2201435e-05
0 0.99998736 1.2612406e-05
0 0.9999852 1.4734401e-05
0 0.9999881 1.1886906e-05
0 0.9999881 1.1912508e-05
0 0.9999882 1.1800028e-05
0 0.9999881 1.1868465e-05
0 0.9999838 1.6184402e-05
0 0.99998534 1.4704726e-05
0 0.99998784 1.2176188e-05
0 0.9999838 1.6166416e-05
0 0.99998534 1.4700253e-05
0 0.9999881 1.1881036e-05
0 0.99993014 6.979711e-05
0 0.9999845 1.554154e-05
0 0.9999802 1.9745234e-05
0 0.9999881 1.1917326e-05
0 0.9999869 1.3141789e-05
1 0.00010589588 0.99989414
1 5.679916e-05 0.99994326
0 0.5421188 0.45788127
1 2.557817e-05 0.99997437
1 2.107822e-05 0.9999789
1 2.8523436e-05 0.9999715
0 0.99996626 3.372709e-05
0 0.5421188 0.45788127
0 0.9999819 1.8169716e-05
0 0.9999838 1.6247219e-05
0 0.99998486 1.5181772e-05
0 0.99998176 1.8219182e-05
1 0.00018774426 0.9998123
1 0.0013358269 0.99866414
1 0.00016709448 0.99983287
1 0.00011745136 0.9998826
1 8.5015745e-05 0.999915
0 0.99998224 1.7764267e-05
0 0.99982554 0.00017449641
0 0.99998415 1.5839103e-05
0 0.99927455 0.00072540896
0 0.9999479 5.2076168e-05
1 0.07088526 0.9291147
1 0.040009577 0.9599905
1 0.0020029063 0.9979971
1 0.0035711892 0.9964288
1 0.03211484 0.96788514
0 0.9859665 0.01403349
0 0.996576 0.0034239108
0 0.99998426 1.5696463e-05
0 0.9998628 0.0001371939
0 0.99914515 0.0008547833
0 0.99765766 0.0023423813
0 0.999907 9.293973e-05
0 0.9999368 6.311864e-05
0 0.99998343 1.6620137e-05
0 0.99995875 4.1195697e-05
0 0.99996924 3.0717336e-05
0 0.99845314 0.0015468578
1 0.29549018 0.7045098
1 0.017152665 0.98284733
1 9.744232e-05 0.9999026
0 0.99974316 0.0002568188
0 0.9999683 3.16667e-05
0 0.9999846 1.5337395e-05
0 0.9999821 1.7877364e-05
0 0.99992836 7.1688744e-05
0 0.9999665 3.3484266e-05
0 0.9999852 1.4830516e-05
0 0.9999881 1.1890239e-05
1 1.8732122e-05 0.9999813
1 2.4303275e-05 0.9999757
1 1.978478e-05 0.9999802
1 2.5326903e-05 0.9999747
1 2.1861068e-05 0.9999782
0 0.9999858 1.4129514e-05
0 0.99998677 1.3211202e-05
0 0.9999863 1.3656483e-05
0 0.99998605 1.3976722e-05
0 0.9999856 1.4392877e-05
0 0.9999864 1.3593335e-05
0 0.9999863 1.3688167e-05
0 0.99998736 1.2686257e-05
0 0.9999862 1.3798654e-05
1 0.013699288 0.9863007
0 0.50413376 0.49586627
0 0.5092826 0.49071747
1 0.13250665 0.8674934
1 0.12967415 0.87032586
1 0.059708726 0.9402912
1 0.03001212 0.9699878
1 0.0060624164 0.9939376
1 0.03094487 0.9690551
0 0.9997453 0.00025469225
0 0.9998635 0.00013647627
0 0.999956 4.4026543e-05
0 0.99988747 0.000112580434
0 0.99981815 0.00018187967
0 0.9994554 0.0005446136
0 0.9995485 0.00045143606
0 0.9999782 2.1837062e-05
0 0.9991848 0.00081516395
0 0.99989223 0.00010779454
0 0.9999819 1.815993e-05
0 0.9965228 0.0034772556
0 0.9999411 5.888719e-05
0 0.9998369 0.00016309696
0 0.9999862 1.3872306e-05
0 0.999987 1.3010999e-05
0 0.99998534 1.4618064e-05
0 0.99998605 1.3989055e-05
0 0.99998665 1.3306414e-05
0 0.9996574 0.0003426441
0 0.50413376 0.49586627
0 0.999813 0.00018701618
0 0.9996847 0.0003153383
0 0.9999778 2.222642e-05
0 0.999969 3.1034426e-05
0 0.9999378 6.224697e-05
0 0.9999819 1.8159548e-05
0 0.9998989 0.00010112927
0 0.999985 1.4962577e-05
0 0.99998677 1.3265921e-05
0 0.9999844 1.5593354e-05
0 0.99996626 3.378533e-05
0 0.99994254 5.7503956e-05
0 0.9999819 1.815993e-05
1 0.0009570897 0.9990429
1 0.09881266 0.90118736
0 0.9999194 8.058919e-05
0 0.9999751 2.4864701e-05
0 0.96980506 0.03019499
0 0.9976169 0.0023832007
0 0.99998665 1.3409268e-05
0 0.9999865 1.3433035e-05
0 0.9999858 1.42356885e-05
0 0.999985 1.4996804e-05
0 0.99998784 1.2122715e-05
0 0.9999733 2.6702837e-05
0 0.9999801 1.9905505e-05
0 0.9999701 2.9926035e-05
0 0.9997814 0.0002186132
0 0.99984455 0.00015544369
0 0.9995523 0.00044764986
0 0.9953643 0.004635688
0 0.9931958 0.006804241
0 0.99998534 1.4708232e-05
0 0.99996805 3.190538e-05
0 0.9999814 1.85675e-05
0 0.9999876 1.2421158e-05
0 0.999977 2.3042654e-05
0 0.999987 1.2999241e-05
0 0.99996257 3.7388607e-05
0 0.999951 4.895787e-05
0 0.9999796 2.038763e-05
0 0.9999535 4.6432047e-05
0 0.9999305 6.946769e-05
0 0.99998295 1.7038228e-05
0 0.999985 1.5068745e-05
0 0.9999876 1.2357993e-05
0 0.99998605 1.3965835e-05
0 0.9999871 1.2830178e-05
1 0.005960374 0.99403965
1 0.008742937 0.9912571
1 0.073895216 0.9261048
1 0.007752851 0.9922471
1 0.00020672876 0.99979323
0 0.999275 0.00072500954
0 0.99934894 0.0006511038
1 0.0001656357 0.9998343
1 0.00015443949 0.9998455
1 9.033722e-05 0.99990964
1 0.00044620622 0.99955374
1 0.00020184 0.99979824
0 0.9999881 1.1894957e-05
0 0.9999881 1.1901811e-05
0 0.9999881 1.1951653e-05
0 0.99998796 1.20573195e-05
0 0.99998784 1.221712e-05
0 0.99998736 1.26352315e-05
0 0.99995303 4.698325e-05
0 0.9999832 1.68232e-05
0 0.99998486 1.5163671e-05
0 0.99996555 3.4462177e-05
0 0.999987 1.2974199e-05
0 0.9997855 0.00021457634
0 0.99998677 1.3273387e-05
0 0.9999831 1.6936201e-05
0 0.9999831 1.6882617e-05
0 0.9999863 1.3764853e-05
0 0.99982184 0.00017818395
0 0.9999857 1.4278951e-05
0 0.99998677 1.3180948e-05
0 0.99998593 1.4028412e-05
0 0.99998724 1.2761976e-05
0 0.9999851 1.4948828e-05
0 0.99998736 1.2581087e-05
0 0.999985 1.4963004e-05
0 0.99998677 1.3279843e-05
0 0.99998534 1.4642398e-05
0 0.99997914 2.0853888e-05
0 0.99997985 2.0091546e-05
0 0.9999784 2.1533704e-05
0 0.9999763 2.3712635e-05
0 0.9987759 0.0012240811
0 0.9925559 0.0074441475
0 0.9999529 4.7124104e-05
0 0.99919575 0.0008042031
0 0.9999858 1.41986475e-05
0 0.9999864 1.3627303e-05
1 8.7885506e-05 0.99991214
1 0.0003188982 0.9996811
1 0.00023538842 0.9997646
1 0.00020353755 0.99979645
1 8.5702246e-05 0.9999143
0 0.99998784 1.218784e-05
0 0.9999876 1.2406006e-05
0 0.99998665 1.3362367e-05
0 0.9999876 1.23821055e-05
0 0.9999871 1.2903693e-05
0 0.99984443 0.00015554213
0 0.9993037 0.00069633516
0 0.99978286 0.00021713617
0 0.99995005 4.9888877e-05
0 0.99949694 0.00050299073
0 0.99998784 1.2106332e-05
0 0.99998796 1.20888435e-05
0 0.99998677 1.3234922e-05
0 0.99998796 1.2060344e-05
0 0.99998796 1.20936875e-05
0 0.99998605 1.4005595e-05
0 0.9999877 1.22857955e-05
0 0.9999881 1.1947504e-05
0 0.9999738 2.621328e-05
0 0.9999876 1.2453231e-05
0 0.9999875 1.2538219e-05
0 0.9999871 1.290448e-05
0 0.9999875 1.24628405e-05
0 0.99998796 1.2008778e-05
0 0.9999881 1.1902242e-05
0 0.9999882 1.1823932e-05
0 0.99998796 1.204199e-05
1 2.0331476e-05 0.9999796
1 2.2385748e-05 0.9999776
1 1.9935807e-05 0.9999801
1 1.9418998e-05 0.99998057
1 2.0746533e-05 0.99997926
0 0.92478985 0.075210124
1 0.45971364 0.54028636
0 0.50267595 0.49732405
0 0.8487998 0.15120015
0 0.56837034 0.43162966
0 0.8315374 0.16846251
1 0.35563266 0.64436734
1 0.19643335 0.8035667
0 0.98906714 0.010932821
1 0.42782617 0.5721739
0 0.9457849 0.054215055
0 0.9997539 0.0002460646
0 0.9955052 0.00449476
0 0.8134787 0.18652129
0 0.9872225 0.012777575
1 0.22606301 0.773937
0 0.99694914 0.00305094
1 0.4554765 0.54452354
1 0.45971364 0.54028636
0 0.9978022 0.0021977338
1 0.019335119 0.98066485
1 0.05675584 0.94324416
0 0.73551446 0.26448554
0 0.9198399 0.08016003
0 0.9958312 0.0041688485
0 0.99992514 7.482889e-05
0 0.999951 4.8976784e-05
0 0.99995255 4.745529e-05
1 0.0016363887 0.99836355
1 0.00012306651 0.999877
1 6.0276274e-05 0.9999397
1 0.00059851445 0.99940145
1 0.00049057114 0.99950945
0 0.999156 0.00084397907
0 0.9964992 0.0035007475
0 0.9998159 0.00018409606
0 0.9998265 0.00017352213
0 0.9999049 9.512103e-05
0 0.98177254 0.018227525
0 0.991441 0.0085590305
0 0.99994683 5.3191063e-05
0 0.9993419 0.0006580223
0 0.9999782 2.1770917e-05
1 0.00013403068 0.999866
1 0.00010724663 0.9998927
1 0.00015327246 0.9998467
1 0.00010295632 0.999897
1 0.00022251287 0.9997775
0 0.99993336 6.6603185e-05
0 0.9999727 2.7285014e-05
0 0.9999769 2.3182505e-05
0 0.9999815 1.8448733e-05
0 0.9999616 3.839524e-05
0 0.99998534 1.4610845e-05
0 0.9999821 1.7928296e-05
0 0.9999839 1.6131487e-05
0 0.9999858 1.4206014e-05
0 0.99998415 1.589059e-05
0 0.99982905 0.00017086284
0 0.99934155 0.00065842626
0 0.99973744 0.00026250872
0 0.99905545 0.0009445403
0 0.99993455 6.540355e-05
0 0.9999765 2.3444247e-05
0 0.99998677 1.3232588e-05
0 0.9999695 3.05477e-05
0 0.9999864 1.3553801e-05
0 0.9998022 0.0001978789
0 0.9999826 1.7397288e-05
0 0.99998677 1.3236348e-05
0 0.99997556 2.4386973e-05
0 0.99975675 0.0002432331
0 0.99992263 7.735724e-05
0 0.99998355 1.6469929e-05
0 0.85339165 0.14660834
0 0.9999052 9.471102e-05
0 0.9999293 7.072488e-05
0 0.9999876 1.2407769e-05
0 0.9999826 1.7397288e-05
0 0.9999869 1.3087208e-05
0 0.99998736 1.2632364e-05
0 0.9999839 1.6123273e-05
0 0.9999876 1.2419596e-05
0 0.9999864 1.3632984e-05
0 0.99370307 0.006296874
0 0.99871206 0.001287907
0 0.9979381 0.0020619067
0 0.990476 0.009523929
0 0.9978048 0.0021951904
1 0.0016239024 0.99837613
1 0.0576363 0.94236374
1 0.0034167382 0.9965833
1 0.0031107692 0.9968893
1 0.0028488394 0.9971512
0 0.9896616 0.010338456
0 0.9762705 0.023729483
0 0.96720773 0.032792315
0 0.95050555 0.049494393
0 0.9971215 0.002878463
0 0.9724582 0.027541839
0 0.96616626 0.033833716
0 0.9993136 0.00068639836
0 0.9972153 0.0027846973
0 0.99994195 5.8082464e-05
0 0.9996124 0.00038765126
0 0.9999001 9.9916884e-05
0 0.9997197 0.00028032053
0 0.99961215 0.00038790505
1 0.00017669375 0.9998234
1 4.0259016e-05 0.9999597
1 2.8891374e-05 0.99997115
1 2.1102378e-05 0.9999789
1 4.8304446e-05 0.9999517
0 0.9999764 2.357345e-05
0 0.99998474 1.5275009e-05
0 0.9999881 1.1897873e-05
0 0.9999864 1.3547237e-05
0 0.99998415 1.5900505e-05
0 0.9999845 1.552535e-05
0 0.9999788 2.1166588e-05
0 0.9999877 1.2314723e-05
0 0.9999871 1.2836334e-05
0 0.99998295 1.7016762e-05
0 0.9999584 4.160154e-05
0 0.9999809 1.9043913e-05
0 0.99995196 4.8039383e-05
1 0.00024510783 0.99975485
1 0.0029795705 0.9970204
1 0.00019014611 0.9998099
0 0.99993527 6.475669e-05
0 0.9999502 4.982574e-05
0 0.9923294 0.007670606
0 0.9915901 0.008409956
0 0.9885584 0.011441631
0 0.99915516 0.0008448573
0 0.60114217 0.3988579
0 0.99928325 0.0007167274
0 0.9928665 0.0071335365
0 0.9889543 0.011045716
0 0.9999131 8.6904445e-05
0 0.9999708 2.9257866e-05
0 0.9993988 0.00060122024
0 0.99989605 0.00010390314
0 0.999907 9.2974224e-05
0 0.99989724 0.000102753
0 0.9999651 3.4876935e-05
0 0.999864 0.0001360296
0 0.9979646 0.0020353962
0 0.9973193 0.0026806758
1 4.8192087e-05 0.99995184
1 5.8462287e-05 0.9999416
0 0.9962368 0.003763139
0 0.99389344 0.0061065704
0 0.9996755 0.00032448783
0 0.9995906 0.0004094277
0 0.99957377 0.00042620156
0 0.99998605 1.3991271e-05
0 0.99989796 0.00010206104
0 0.99996984 3.0183472e-05
0 0.9999603 3.9640552e-05
0 0.99997497 2.5010198e-05
0 0.99998426 1.5726851e-05
0 0.9999846 1.5384918e-05
0 0.999972 2.8070364e-05
0 0.99998343 1.6586917e-05
0 0.9999678 3.2139636e-05
0 0.99997926 2.0774905e-05
1 3.705053e-05 0.9999629
1 4.893258e-05 0.9999511
1 6.630281e-05 0.9999337
1 5.359171e-05 0.99994636
1 3.9837392e-05 0.9999602
0 0.9999124 8.766512e-05
0 0.9999714 2.8582659e-05
0 0.99975353 0.00024643625
1 0.000107347914 0.9998926
1 8.853064e-05 0.9999114
1 0.00010031775 0.9998996
1 0.00032490387 0.99967515
1 8.331462e-05 0.9999167
0 0.99996686 3.308594e-05
0 0.9970902 0.0029098005
0 0.9999739 2.6100206e-05
0 0.9999809 1.9084277e-05
0 0.99995327 4.6759447e-05
0 0.99990475 9.528372e-05
0 0.9999845 1.5533762e-05
0 0.9999865 1.3501013e-05
0 0.999956 4.3958487e-05
0 0.99997735 2.2702385e-05
0 0.9999244 7.559899e-05
0 0.999926 7.4011565e-05
0 0.9999703 2.962465e-05
0 0.9999503 4.970093e-05
0 0.99997604 2.3949122e-05
0 0.99998534 1.4612155e-05
0 0.9999846 1.5360669e-05
0 0.9999864 1.3618742e-05
0 0.99998605 1.39677e-05
0 0.9999877 1.232525e-05
0 0.9999875 1.2529327e-05
0 0.9995902 0.0004098104
0 0.99995124 4.8744325e-05
0 0.9995902 0.0004098104
0 0.9999845 1.5454028e-05
0 0.9999244 7.551439e-05
0 0.9994266 0.00057347177
0 0.9999838 1.627164e-05
0 0.9998191 0.00018090212
0 0.9995178 0.0004822318
0 0.99984944 0.00015054298
0 0.9999869 1.30789485e-05
0 0.9970902 0.0029098005
0 0.9923765 0.0076235365
0 0.9802762 0.019723756
0 0.9969715 0.0030284396
0 0.9591149 0.04088505
0 0.9852616 0.014738389
0 0.6807333 0.31926668
0 0.9290427 0.070957325
0 0.9957689 0.004231162
0 0.54270214 0.4572979
1 0.02843349 0.9715665
1 0.08755226 0.9124477
0 0.667691 0.332309
1 0.01031991 0.9896801
1 0.020804677 0.97919536
1 0.013741759 0.98625827
0 0.9934447 0.006555287
0 0.667691 0.332309
0 0.99781597 0.0021840523
0 0.9973557 0.0026443352
0 0.997632 0.002367921
1 4.375928e-05 0.99995625
1 3.461276e-05 0.9999654
1 3.370288e-05 0.99996626
1 6.0276216e-05 0.9999397
1 3.061384e-05 0.99996936
0 0.9999819 1.8178434e-05
0 0.999979 2.0947147e-05
0 0.9999852 1.47445335e-05
0 0.9999869 1.3077825e-05
0 0.9999869 1.3088369e-05
0 0.99998605 1.3903364e-05
0 0.99998415 1.5834075e-05
0 0.99998546 1.4509066e-05
0 0.9999858 1.4232187e-05
0 0.9999875 1.246416e-05
0 0.99998355 1.6412323e-05
0 0.99998724 1.2730686e-05
0 0.99998736 1.2683959e-05
0 0.99998677 1.3179931e-05
0 0.9999869 1.308888e-05
0 0.99998796 1.2031819e-05
0 0.9999857 1.4281539e-05
0 0.99998677 1.3218815e-05
0 0.99998724 1.275071e-05
0 0.99998724 1.27643125e-05
0 0.9999869 1.3057675e-05
0 0.9999864 1.3595099e-05
0 0.9999871 1.288392e-05
0 0.99998677 1.3273462e-05
0 0.9999863 1.3694553e-05
0 0.99998534 1.4667681e-05
0 0.99998176 1.8269433e-05
1 0.0013270266 0.99867296
1 0.48318255 0.51681745
1 2.3898565e-05 0.99997616
1 5.9861606e-05 0.99994016
1 0.00016358134 0.99983644
0 0.9999527 4.7342557e-05
0 0.9999869 1.3068251e-05
0 0.9943897 0.0056103347
0 0.999918 8.197567e-05
1 0.48318255 0.51681745
0 0.99993575 6.4280975e-05
0 0.99996746 3.2517546e-05
0 0.99997747 2.2555425e-05
1 0.00015053095 0.99984944
1 0.0002641716 0.9997358
1 0.00020812347 0.9997919
1 0.00026788373 0.9997321
1 0.00012229267 0.9998777
0 0.99995124 4.87169e-05
0 0.9990779 0.00092204666
0 0.99997795 2.204965e-05
0 0.99998677 1.3191236e-05
0 0.9999474 5.2549796e-05
0 0.9999032 9.67598e-05
0 0.9999857 1.4304986e-05
0 0.999985 1.4981352e-05
0 0.9998671 0.00013293061
0 0.99996257 3.742357e-05
0 0.9989786 0.00102142
0 0.996357 0.003642983
0 0.99987197 0.00012796096
0 0.99936956 0.0006304108
0 0.99970835 0.00029157015
0 0.99998724 1.2812145e-05
0 0.99998665 1.3368358e-05
0 0.99998736 1.2629726e-05
0 0.9999875 1.2471556e-05
0 0.9999877 1.2300627e-05
0 0.9999869 1.3104581e-05
0 0.99848455 0.0015154169
0 0.99992466 7.535887e-05
0 0.99848455 0.0015154169
0 0.9999839 1.6114742e-05
0 0.9999343 6.564837e-05
0 0.99985313 0.0001468068
0 0.99998486 1.5138572e-05
0 0.99767643 0.0023235825
0 0.9958906 0.004109381
0 0.99904186 0.00095817546
0 0.9999863 1.3751286e-05
0 0.9990779 0.00092204666
0 0.99997985 2.013628e-05
0 0.9999192 8.083942e-05
0 0.99991786 8.216867e-05
0 0.99991715 8.2888124e-05
0 0.9999026 9.738303e-05
0 0.99988997 0.0001099774
1 0.00094886357 0.99905115
1 0.13358793 0.8664121
1 0.00089208334 0.9991079
1 0.00053609954 0.99946386
0 0.9953479 0.0046520815
0 0.98144126 0.01855875
0 0.95094025 0.04905979
1 0.31533492 0.6846651
0 0.99997735 2.2645514e-05
0 0.9999505 4.9419345e-05
0 0.99998665 1.3392283e-05
0 0.99998796 1.20236755e-05
0 0.999979 2.0938878e-05
0 0.99997187 2.8152881e-05
0 0.9999764 2.3641327e-05
0 0.999985 1.50566775e-05
0 0.99997187 2.8157068e-05
0 0.99998295 1.7093469e-05
0 0.9999858 1.419747e-05
0 0.9999753 2.470443e-05
0 0.9999833 1.6680411e-05
0 0.99998224 1.7719545e-05
0 0.9999875 1.25510205e-05
0 0.9999858 1.4175808e-05
0 0.9999877 1.2287365e-05
0 0.99998736 1.26024015e-05
0 0.99996614 3.3796277e-05
0 0.66677046 0.3332295
1 0.07026394 0.9297361
1 0.0057207737 0.99427927
0 0.65865153 0.34134844
1 0.18213595 0.817864
1 0.002066348 0.9979336
1 0.06683543 0.93316454
1 0.014935625 0.9850643
1 0.009930337 0.9900697
1 0.003074405 0.99692553
0 0.9999862 1.38016685e-05
0 0.9999821 1.7834318e-05
0 0.9999871 1.290464e-05
1 0.009133584 0.9908664
1 0.0064526624 0.9935474
0 0.5264491 0.47355095
1 0.047513586 0.95248646
1 0.14724241 0.8527576
0 0.99197125 0.008028716
0 0.98090184 0.019098112
0 0.99007714 0.009922834
0 0.9979615 0.0020385215
0 0.9936428 0.0063572153
0 0.99713814 0.0028618989
0 0.96888196 0.031117998
0 0.6164669 0.38353315
0 0.9815988 0.01840123
0 0.96895814 0.031041818
0 0.9884173 0.011582669
0 0.9993648 0.0006351776
0 0.99981767 0.0001823866
0 0.9986119 0.0013880513
0 0.9999249 7.5053205e-05
0 0.99996495 3.5083325e-05
0 0.99964595 0.00035403634
1 0.00011070793 0.99988925
1 0.00016366402 0.9998363
1 0.00013300324 0.99986696
1 4.5133344e-05 0.9999548
1 0.00027377388 0.99972624
0 0.9996203 0.00037968686
0 0.9984269 0.0015730604
0 0.9999795 2.045464e-05
0 0.99998784 1.2131447e-05
0 0.99997985 2.01411e-05
0 0.9998789 0.00012108899
0 0.9997539 0.00024612888
0 0.99757284 0.0024271621
0 0.99719703 0.0028029282
0 0.999094 0.0009060364
0 0.9995852 0.0004147838
1 0.002220837 0.9977792
1 0.03896587 0.96103406
1 0.0001967343 0.99980325
1 0.0009387938 0.99906117
0 0.9513258 0.04867424
0 0.9025068 0.097493164
0 0.5102103 0.48978975
1 0.2595744 0.7404256
1 0.0052848267 0.99471515
1 0.01611213 0.98388785
1 0.002847631 0.9971523
1 0.0012239482 0.998776
1 0.00029562405 0.9997043
0 0.99977666 0.00022329474
0 0.99855524 0.0014447889
0 0.9925948 0.0074051935
0 0.99617213 0.0038278857
0 0.9989945 0.0010054695
0 0.9912168 0.008783288
0 0.99634606 0.003653995
1 5.7323763e-05 0.99994266
1 0.00011604121 0.9998839
1 0.000234466 0.9997656
1 9.52096e-05 0.99990475
1 9.127335e-05 0.9999087
0 0.9999864 1.3599002e-05
0 0.99998677 1.323217e-05
0 0.9999865 1.3411722e-05
0 0.99998677 1.3254362e-05
0 0.9999876 1.2436199e-05
0 0.9999863 1.3710874e-05
0 0.99998665 1.3345353e-05
0 0.9999871 1.289845e-05
0 0.9999876 1.2425163e-05
0 0.9995679 0.0004320697
0 0.9998392 0.00016078787
0 0.999974 2.595639e-05
0 0.99991024 8.971928e-05
0 0.99996686 3.3125056e-05
0 0.99998605 1.3967061e-05
0 0.99998474 1.530115e-05
0 0.9999865 1.3422752e-05
0 0.999987 1.295936e-05
0 0.9999877 1.2229335e-05
0 0.99995923 4.0803232e-05
0 0.99995685 4.313683e-05
0 0.9999809 1.9087389e-05
0 0.99998736 1.2624837e-05
0 0.99998426 1.5748657e-05
1 4.6941328e-05 0.99995303
1 4.6665988e-05 0.9999534
1 5.3008815e-05 0.99994695
1 5.0016686e-05 0.99994993
1 3.483057e-05 0.9999652
0 0.99998546 1.4548861e-05
0 0.99998546 1.4581447e-05
0 0.9999865 1.3514075e-05
0 0.99998665 1.3378522e-05
0 0.99998677 1.32258265e-05
0 0.99998677 1.3250822e-05
0 0.9999857 1.429736e-05
0 0.9999844 1.5556752e-05
0 0.99998605 1.389761e-05
0 0.9999877 1.2239707e-05
0 0.9999851 1.4932913e-05
0 0.99998724 1.27871335e-05
0 0.99998724 1.2710209e-05
0 0.99998677 1.3184242e-05
0 0.999987 1.2949056e-05
0 0.99998736 1.26793875e-05
0 0.9999858 1.4206231e-05
0 0.9999864 1.362677e-05
0 0.9999875 1.2523497e-05
0 0.99998724 1.2729812e-05
0 0.9999871 1.2911398e-05
0 0.9999875 1.2551943e-05
0 0.99998724 1.27679405e-05
0 0.9999875 1.25582765e-05
0 0.9999856 1.4385083e-05
0 0.99998605 1.3935181e-05
0 0.9999801 1.9967087e-05
0 0.9996055 0.00039454649
0 0.9957081 0.0042919195
0 0.99965847 0.0003414965
0 0.99988616 0.00011381874
0 0.9999318 6.820867e-05
1 0.00017952883 0.99982053
1 0.004981282 0.9950187
0 0.9999789 2.105301e-05
0 0.9999262 7.379831e-05
0 0.99997044 2.9603525e-05
0 0.9999783 2.1686641e-05
0 0.99993837 6.162591e-05
0 0.9999778 2.2165459e-05
0 0.9999844 1.555837e-05
0 0.7310261 0.26897386
0 0.98299336 0.017006611
0 0.9980557 0.0019443507
0 0.99845994 0.001540017
0 0.997265 0.0027350138
1 0.0008010124 0.999199
1 0.004138067 0.9958619
1 0.00039767593 0.9996024
1 0.0012041223 0.99879587
1 5.2134907e-05 0.9999479
1 5.6397814e-05 0.9999436
1 7.216138e-05 0.9999279
1 6.214584e-05 0.9999379
1 3.509879e-05 0.99996495
0 0.9999856 1.44758005e-05
0 0.9999852 1.4726688e-05
0 0.99998605 1.38928e-05
0 0.9999862 1.3800945e-05
0 0.9999845 1.5517431e-05
0 0.9999865 1.3506886e-05
0 0.9999839 1.6124011e-05
0 0.9999851 1.4868809e-05
0 0.9999846 1.542329e-05
0 0.9999871 1.2815589e-05
0 0.99998343 1.6614225e-05
0 0.9999876 1.2441122e-05
0 0.99998736 1.2642126e-05
0 0.999987 1.2957481e-05
0 0.999987 1.2942933e-05
0 0.9999876 1.2350594e-05
0 0.99998605 1.3917678e-05
0 0.9999871 1.2871885e-05
0 0.9999876 1.2370338e-05
0 0.99998736 1.2596418e-05
0 0.99998724 1.2766224e-05
0 0.99998677 1.3236676e-05
0 0.9999876 1.2449882e-05
0 0.99998736 1.2638594e-05
0 0.999985 1.5008737e-05
0 0.9999862 1.3814943e-05
0 0.9999814 1.8598195e-05
1 0.2557189 0.7442811
1 0.0031497844 0.9968502
1 0.0058497833 0.9941502
1 0.013328815 0.98667115
1 0.009293284 0.99070674
1 0.08884488 0.9111551
1 0.09023738 0.9097626
1 0.0003122099 0.9996878
1 0.00029692423 0.999703
1 9.0281166e-05 0.99990976
1 2.795922e-05 0.999972
1 5.920476e-05 0.99994075
0 0.9999795 2.0480386e-05
0 0.99998236 1.7584336e-05
0 0.9999838 1.6212116e-05
0 0.9999857 1.4335113e-05
0 0.99998546 1.4541203e-05
1 0.00032685712 0.9996731
1 0.00062651414 0.9993735
1 0.0004645304 0.99953544
1 0.0007160543 0.99928397
1 0.00031851415 0.9996815
0 0.99992514 7.48573e-05
0 0.98829865 0.011701266
0 0.99998164 1.8337052e-05
0 0.9947665 0.0052335067
0 0.98829865 0.011701266
0 0.999961 3.8937087e-05
0 0.9999292 7.07727e-05
0 0.99849164 0.0015082891
0 0.9999814 1.8566916e-05
0 0.99987364 0.00012638188
0 0.9999858 1.4166132e-05
0 0.9999864 1.3571237e-05
0 0.99998784 1.2205404e-05
0 0.9998683 0.00013176503
0 0.99989295 0.00010708763
0 0.9984491 0.0015509143
0 0.99998033 1.9717876e-05
0 0.9999825 1.757552e-05
0 0.9999703 2.9648503e-05
0 0.9999771 2.2909695e-05
1 9.174342e-05 0.9999082
1 0.0007816689 0.99921834
1 0.0008388051 0.99916124
1 0.00014578096 0.9998542
1 0.00040057002 0.9995994
0 0.8471584 0.15284164
0 0.9895768 0.0104231825
0 0.9999815 1.8495432e-05
0 0.99989724 0.000102709506
0 0.998505 0.0014950124
0 0.99902475 0.0009752427
0 0.99979776 0.00020231013
0 0.99976486 0.00023513135
1 0.011563745 0.9884362
1 0.08586206 0.91413796
0 0.5964535 0.40354648
1 0.12579295 0.8742071
1 0.3669553 0.63304466
0 0.8879449 0.11205509
1 0.08415525 0.9158448
1 0.005807529 0.9941924
1 0.17174746 0.82825255
1 0.00075614173 0.99924386
1 0.0033150965 0.99668485
1 0.0047452133 0.99525476
1 0.03164037 0.96835965
0 0.9974771 0.0025228795
0 0.9875367 0.01246331
0 0.99667513 0.003324813
0 0.99912935 0.0008706656
0 0.9968599 0.003140087
0 0.999694 0.00030606156
0 0.9998274 0.00017260216
0 0.9999455 5.44488e-05
0 0.9993444 0.00065561134
0 0.99984264 0.00015730601
0 0.999231 0.00076907495
0 0.99920446 0.0007955552
0 0.999899 0.00010094399
0 0.9999819 1.8145282e-05
0 0.99992704 7.289548e-05
0 0.99900985 0.0009901521
0 0.9454193 0.054580692
0 0.9975139 0.0024861183
0 0.99963355 0.00036648632
0 0.9993932 0.00060676987
0 0.86526173 0.1347382
0 0.99888986 0.0011102015
0 0.9965365 0.003463486
0 0.5438023 0.45619768
0 0.98838437 0.011615566
0 0.99998236 1.7642153e-05
0 0.9999871 1.2856744e-05
0 0.99998355 1.6401525e-05
0 0.9999554 4.462955e-05
0 0.99998176 1.82229e-05
1 0.015438295 0.9845616
1 0.016011454 0.9839886
1 0.49382713 0.5061729
0 0.99551374 0.0044862116
0 0.97860384 0.021396138
0 0.9999726 2.7411921e-05
0 0.9999869 1.3070993e-05
0 0.9999877 1.2294199e-05
0 0.9998826 0.00011739548
1 0.3334059 0.6665941
1 0.14774728 0.8522528
0 0.7368449 0.26315507
1 0.15604483 0.84395516
1 0.03237724 0.96762276
0 0.9532282 0.046771824
0 0.9138777 0.08612231
0 0.99006873 0.009931194
0 0.99198407 0.0080159055
1 3.57831e-05 0.99996424
1 5.280096e-05 0.9999472
1 3.7526635e-05 0.99996245
1 3.7718404e-05 0.99996233
1 3.1783085e-05 0.9999682
0 0.9999827 1.732457e-05
0 0.99986565 0.00013438541
0 0.9999689 3.1119478e-05
0 0.9999832 1.6773296e-05
0 0.9999865 1.3516654e-05
0 0.99998534 1.4610093e-05
0 0.9999839 1.6082271e-05
1 2.0550742e-05 0.9999795
1 2.1465266e-05 0.99997854
1 2.3033206e-05 0.999977
1 1.7138385e-05 0.99998283
1 1.7565633e-05 0.9999825
1 1.751986e-05 0.9999825
0 0.999987 1.2976576e-05
0 0.9999852 1.48083e-05
0 0.999985 1.5015896e-05
0 0.9999858 1.4232689e-05
0 0.9999862 1.383212e-05
0 0.9999863 1.3746696e-05
0 0.9999864 1.3563991e-05
1 0.053244848 0.9467552
1 0.4833062 0.5166938
1 0.016556634 0.9834434
0 0.74136925 0.25863075
1 0.44010836 0.55989164
1 5.149532e-05 0.9999485
1 6.961286e-05 0.9999304
1 4.593495e-05 0.9999541
1 8.4179825e-05 0.99991584
1 5.541157e-05 0.99994457
1 7.2532e-05 0.9999275
1 5.571061e-05 0.9999443
1 0.00017809051 0.99982196
0 0.9999845 1.5489706e-05
0 0.99998724 1.2784426e-05
0 0.9999515 4.855592e-05
0 0.9999863 1.3743603e-05
0 0.9999846 1.536653e-05
0 0.99998677 1.3263479e-05
0 0.99998665 1.3395362e-05
0 0.99998736 1.2612117e-05
0 0.9999825 1.7573911e-05
0 0.99998736 1.2577236e-05
0 0.99997914 2.0827354e-05
1 3.7808546e-05 0.9999622
1 7.2861985e-05 0.99992716
1 5.9115173e-05 0.9999409
1 0.00017607669 0.999824
1 4.4649125e-05 0.9999553
0 0.99982977 0.00017017523
0 0.9999651 3.492833e-05
0 0.9998543 0.00014566368
1 3.6260935e-05 0.99996376
1 0.00010678681 0.9998932
1 0.00019873201 0.99980134
1 0.00019268847 0.9998073
1 5.1966785e-05 0.999948
0 0.99998176 1.822363e-05
0 0.9999865 1.3458899e-05
0 0.99998415 1.5863958e-05
1 5.280604e-05 0.9999472
1 0.00013209488 0.9998679
1 7.829112e-05 0.9999217
1 8.795123e-05 0.999912
1 4.9808543e-05 0.9999502
0 0.9987469 0.0012530921
0 0.999767 0.00023298542
0 0.99951565 0.00048437767
0 0.999833 0.00016699047
0 0.9999695 3.0554547e-05
0 0.9999876 1.23479085e-05
0 0.99998784 1.220814e-05
0 0.99998724 1.2699777e-05
0 0.99998736 1.2599302e-05
0 0.9999875 1.252836e-05
0 0.99998534 1.4696398e-05
0 0.9999862 1.3802155e-05
0 0.9999881 1.18666085e-05
0 0.99998677 1.3205407e-05
0 0.99998736 1.2659113e-05
0 0.9999871 1.2842481e-05
0 0.99998736 1.2607595e-05
0 0.99998736 1.2596971e-05
0 0.99998736 1.2671506e-05
0 0.9999871 1.2896458e-05
0 0.9999875 1.2504367e-05
0 0.9999871 1.2915068e-05
0 0.999987 1.2955109e-05
0 0.9999871 1.2871466e-05
0 0.99998736 1.2682701e-05
0 0.9999877 1.2252379e-05
0 0.9999865 1.3526351e-05
0 0.99998796 1.2065808e-05
0 0.99998677 1.3231982e-05
0 0.9883129 0.011687154
0 0.74503005 0.25496998
0 0.5067016 0.49329844
1 0.13298932 0.8670107
1 0.00046928064 0.9995308
1 0.48372075 0.5162793
1 0.020944921 0.9790551
1 0.00032412732 0.99967587
1 0.00031388388 0.9996861
1 0.00026915412 0.9997309
0 0.9992059 0.0007941017
0 0.9993864 0.00061360403
0 0.9999738 2.622886e-05
0 0.99983835 0.00016164812
0 0.9999832 1.6835524e-05
0 0.99997854 2.1512053e-05
0 0.9999757 2.4359826e-05
0 0.9999856 1.4450063e-05
0 0.9999783 2.1706215e-05
0 0.9999708 2.9228553e-05
0 0.99997246 2.7480812e-05
0 0.9999838 1.6255217e-05
0 0.99998677 1.3262428e-05
0 0.99986756 0.0001323815
0 0.99998724 1.2785658e-05
0 0.99998724 1.2738944e-05
0 0.99998677 1.3222874e-05
0 0.99992967 7.0352624e-05
1 0.48372075 0.5162793
0 0.9999882 1.1853422e-05
0 0.9999862 1.3791997e-05
0 0.99997497 2.5025922e-05
0 0.99998665 1.3301542e-05
0 0.99998546 1.4593176e-05
0 0.9999876 1.23807595e-05
0 0.99998736 1.2586631e-05
0 0.99998784 1.2167539e-05
0 0.99998784 1.2104463e-05
1 8.572333e-05 0.9999143
1 7.601276e-05 0.99992394
1 7.0835034e-05 0.9999292
1 0.00025522267 0.9997447
1 7.406515e-05 0.999926
0 0.99951243 0.00048754516
0 0.9997968 0.00020326566
0 0.99974483 0.0002551341
0 0.9998659 0.00013413347
0 0.9999728 2.714305e-05
0 0.99998724 1.2764994e-05
0 0.9999871 1.2828158e-05
0 0.9999877 1.2236393e-05
0 0.9999869 1.3125881e-05
0 0.999987 1.2992622e-05
0 0.9999677 3.233442e-05
0 0.9999875 1.254408e-05
0 0.99998736 1.2663242e-05
0 0.9999876 1.2401013e-05
0 0.9999875 1.2569012e-05
0 0.9999863 1.3694135e-05
0 0.99998546 1.4514907e-05
0 0.9999857 1.4339774e-05
0 0.9999869 1.3097896e-05
0 0.99998724 1.2716126e-05
0 0.999987 1.2972294e-05
0 0.999987 1.30340495e-05
0 0.9999869 1.3100245e-05
0 0.99998665 1.3364979e-05
0 0.9999869 1.30878325e-05
0 0.9999877 1.22800675e-05
0 0.99998605 1.39762815e-05
0 0.99998724 1.2777783e-05
0 0.9999856 1.4385536e-05
1 0.00010968981 0.9998903
1 0.0011951944 0.9988048
0 0.9999832 1.6863436e-05
0 0.9999858 1.4240197e-05
0 0.99898833 0.001011711
0 0.9999262 7.3821735e-05
0 0.9980506 0.0019493928
0 0.9997918 0.00020823065
0 0.9992912 0.00070880936
0 0.9999404 5.9646332e-05
0 0.9999682 3.178542e-05
0 0.9999167 8.336135e-05
0 0.99991083 8.9169655e-05
1 4.6942e-05 0.99995303
1 0.000112589434 0.99988735
0 0.9999782 2.1761098e-05
0 0.99997866 2.1291746e-05
0 0.9999747 2.5259265e-05
0 0.99994004 5.992917e-05
0 0.9999777 2.2239436e-05
0 0.9999852 1.481915e-05
0 0.99998784 1.2156567e-05
1 0.119745895 0.88025415
1 0.045081485 0.95491856
1 0.032501657 0.9674983
1 0.0074125994 0.9925874
0 0.8779922 0.12200778
0 0.97944725 0.02055277
1 0.00012468523 0.9998753
1 9.677614e-05 0.9999032
1 6.122881e-05 0.9999387
1 0.00020795225 0.99979204
1 9.7423545e-05 0.9999026
0 0.99953663 0.0004633631
0 0.999421 0.00057903415
0 0.9990374 0.0009626794
0 0.99964666 0.00035338182
0 0.9996112 0.00038877258
0 0.999915 8.500666e-05
0 0.9999858 1.4184978e-05
0 0.9998803 0.00011962766
0 0.9930755 0.0069244714
1 6.933626e-05 0.9999306
1 0.00018127561 0.99981874
1 7.622312e-05 0.9999238
1 0.0002380453 0.999762
1 5.986252e-05 0.99994016
0 0.9987754 0.0012245697
0 0.99827814 0.001721913
0 0.9996842 0.0003157733
0 0.99968183 0.00031817905
0 0.999964 3.5988367e-05
0 0.99998724 1.2792757e-05
0 0.9999875 1.2508386e-05
0 0.9999875 1.2574287e-05
0 0.9999869 1.3116747e-05
0 0.99998677 1.3198936e-05
0 0.9999807 1.9322108e-05
0 0.9999865 1.35275895e-05
0 0.9999877 1.2314653e-05
0 0.9999875 1.2572033e-05
0 0.99998665 1.3351439e-05
0 0.99998605 1.399115e-05
0 0.9999856 1.4448603e-05
0 0.99998593 1.4018797e-05
0 0.99998593 1.4068443e-05
0 0.9999865 1.3460645e-05
0 0.9999864 1.3619599e-05
0 0.9999869 1.3120425e-05
0 0.9999869 1.311472e-05
0 0.99998724 1.2751951e-05
0 0.9999871 1.2817569e-05
0 0.9999876 1.2450666e-05
0 0.9999856 1.4452254e-05
0 0.9999876 1.241969e-05
0 0.9999856 1.4389254e-05
1 0.00337903 0.996621
1 0.036534883 0.96346515
1 0.17435822 0.82564175
1 0.2851025 0.7148975
1 0.17649259 0.8235074
1 0.0016004484 0.99839956
1 0.1591112 0.8408888
1 0.0019622666 0.99803776
1 0.05367327 0.9463267
1 0.08266895 0.91733104
0 0.9999144 8.554661e-05
0 0.9999801 1.99507e-05
0 0.999962 3.8049147e-05
0 0.99917006 0.0008299244
0 0.99997544 2.454423e-05
0 0.9998097 0.0001903861
0 0.99996793 3.2118434e-05
0 0.9999852 1.4801156e-05
0 0.9999862 1.3822125e-05
0 0.9999714 2.8557673e-05
0 0.99998784 1.21887815e-05
0 0.9999732 2.6797123e-05
0 0.9999808 1.9183139e-05
0 0.9999814 1.8634946e-05
0 0.9999877 1.2275278e-05
0 0.9999862 1.3768553e-05
0 0.99998784 1.2213951e-05
0 0.9999876 1.2410667e-05
0 0.99998784 1.2130001e-05
0 0.9999876 1.2340869e-05
0 0.9999876 1.234447e-05
0 0.9999876 1.2351041e-05
0 0.9999869 1.3079871e-05
0 0.9999877 1.2326873e-05
1 0.44029987 0.5597001
1 0.37656268 0.62343735
0 0.9337458 0.06625424
0 0.80871534 0.1912846
0 0.80668414 0.19331591
1 1.8021807e-05 0.999982
1 2.3033293e-05 0.999977
1 1.8902636e-05 0.99998105
1 2.1292903e-05 0.99997866
1 2.0168029e-05 0.99997985
0 0.9999862 1.3777773e-05
0 0.9999869 1.3140586e-05
0 0.99998665 1.3319465e-05
0 0.99998593 1.4092319e-05
0 0.99998546 1.4508679e-05
0 0.9999869 1.3095261e-05
0 0.9999862 1.3799787e-05
0 0.9999875 1.2512323e-05
0 0.9999865 1.344957e-05
1 4.3836502e-05 0.99995613
0 0.633658 0.36634204
1 4.5680325e-05 0.99995434
1 2.9976136e-05 0.9999701
1 3.3556767e-05 0.9999664
0 0.9999405 5.94287e-05
0 0.633658 0.36634204
0 0.9999701 2.9944074e-05
0 0.99996305 3.6914782e-05
0 0.9999349 6.5057815e-05
0 0.99997723 2.2786673e-05
0 0.9995486 0.00045133644
0 0.99996483 3.51322e-05
0 0.633658 0.36634204
0 0.9999876 1.2357427e-05
0 0.9999869 1.311517e-05
0 0.9999877 1.2324498e-05
1 6.702549e-05 0.999933
1 5.0657953e-05 0.99994934
1 9.86715e-05 0.9999013
1 8.317372e-05 0.9999168
1 0.00019053409 0.99980944
0 0.99997735 2.269076e-05
0 0.9996086 0.00039150214
0 0.9999846 1.5365826e-05
0 0.9999186 8.144854e-05
0 0.9999496 5.0377857e-05
0 0.9999869 1.3090454e-05
0 0.9999815 1.8489083e-05
0 0.99998283 1.714728e-05
0 0.9999881 1.1898747e-05
0 0.99998796 1.2093387e-05
0 0.9999839 1.614129e-05
1 0.044511773 0.95548826
1 0.13277213 0.8672278
1 0.002546427 0.9974535
1 0.40269306 0.59730697
1 0.119856894 0.8801431
0 0.9966485 0.003351452
0 0.9977672 0.0022327916
0 0.99979764 0.00020237919
0 0.99777967 0.002220337
0 0.9981912 0.001808858
0 0.98309696 0.016903087
1 0.06656694 0.93343306
0 0.61608607 0.383914
1 0.0010999992 0.99889994
1 6.6497705e-05 0.9999335
1 0.017570619 0.9824294
1 5.730338e-05 0.99994266
1 4.802033e-05 0.99995196
1 5.2609117e-05 0.9999474
0 0.99998605 1.3999626e-05
0 0.9999877 1.22966385e-05
0 0.99996996 3.0053072e-05
0 0.9999777 2.2309176e-05
0 0.99987745 0.00012252669
0 0.99964917 0.00035081466
0 0.9998161 0.00018395482
0 0.99997497 2.4978066e-05
0 0.99986494 0.00013499147
1 0.037954655 0.9620453
1 0.49811128 0.50188875
1 0.016969347 0.98303074
1 0.0064671747 0.9935328
1 0.012334543 0.9876654
0 0.9988513 0.0011486373
0 0.9957832 0.0042168214
0 0.98657703 0.013422988
0 0.95704037 0.0429596
0 0.96154326 0.03845676
1 0.38342336 0.6165767
1 0.19428943 0.80571055
0 0.519458 0.480542
1 0.4987356 0.50126445
0 0.9855245 0.014475513
1 0.4831755 0.5168245
1 0.49811128 0.50188875
0 0.9999782 2.1766411e-05
0 0.99992716 7.282774e-05
0 0.9999107 8.9260684e-05
0 0.999884 0.00011592144
1 0.0014797744 0.9985202
1 0.00078203913 0.999218
1 0.00049475627 0.9995053
1 0.00026672293 0.99973327
1 0.00313949 0.9968605
1 0.05517803 0.944822
0 0.99937683 0.00062323717
0 0.9692663 0.030733746
0 0.9999776 2.2375973e-05
0 0.9999243 7.567833e-05
0 0.99983346 0.00016655667
1 5.2136198e-05 0.9999479
1 3.0065858e-05 0.99996996
1 4.5842047e-05 0.9999541
1 2.8350903e-05 0.9999716
1 3.2831635e-05 0.9999672
0 0.9999862 1.3786014e-05
0 0.99998534 1.4693651e-05
0 0.999851 0.00014904016
0 0.9999658 3.418578e-05
0 0.99076414 0.009235835
0 0.9999851 1.4902453e-05
0 0.9980646 0.0019353686
0 0.99076414 0.009235835
0 0.9999871 1.2903865e-05
0 0.99997973 2.0270165e-05
1 0.0005784911 0.9994215
1 0.00044274653 0.9995572
1 3.1322743e-05 0.99996865
0 0.99990165 9.834124e-05
0 0.9992816 0.0007183908
0 0.9999856 1.4450973e-05
0 0.99996614 3.3864617e-05
0 0.999962 3.8071037e-05
0 0.99988866 0.00011133541
0 0.51909024 0.48090973
0 0.5298363 0.47016367
0 0.98749244 0.012507598
1 0.4656295 0.5343705
0 0.9192898 0.08071017
0 0.9977836 0.0022163864
0 0.5599829 0.4400171
0 0.99916863 0.00083135144
0 0.9994246 0.0005754709
0 0.9998375 0.00016248785
1 0.48126265 0.5187373
0 0.5298363 0.47016367
0 0.7502531 0.24974698
1 0.4656295 0.5343705
0 0.58376926 0.41623077
0 0.8663709 0.13362908
0 0.9752892 0.024710717
0 0.93239284 0.067607105
0 0.9999683 3.174265e-05
0 0.9970113 0.00298867
0 0.99981624 0.00018373725
0 0.9999411 5.889191e-05
0 0.9986847 0.0013152518
0 0.9997341 0.00026583712
0 0.99996996 3.0003872e-05
0 0.99997187 2.8109793e-05
0 0.9999862 1.3834825e-05
0 0.9998216 0.00017845888
0 0.99993646 6.354873e-05
0 0.99956626 0.00043377912
0 0.99667513 0.0033248856
0 0.9993055 0.0006944775
0 0.999956 4.4013694e-05
0 0.9999546 4.5455272e-05
0 0.9999782 2.17861e-05
0 0.999458 0.00054196874
0 0.9999728 2.7130864e-05
0 0.9999857 1.43379275e-05
0 0.99998534 1.46179245e-05
0 0.9999691 3.08663e-05
0 0.9999645 3.5494963e-05
0 0.9999627 3.730054e-05
0 0.972354 0.027645981
0 0.9995958 0.00040422633
0 0.9996629 0.00033715717
0 0.98999107 0.010008892
0 0.9600795 0.03992057
0 0.9935802 0.006419766
0 0.99626285 0.0037370936
0 0.97264355 0.027356422
0 0.99603796 0.0039620404
0 0.9940439 0.005956183
0 0.99990356 9.6408796e-05
0 0.99987197 0.0001280281
0 0.99997115 2.8878538e-05
0 0.99997807 2.1917343e-05
0 0.99996746 3.25168e-05
0 0.999977 2.302284e-05
0 0.99998105 1.8950757e-05
0 0.99970067 0.00029940275
0 0.9996408 0.00035918475
0 0.99996686 3.316463e-05
0 0.99993443 6.552816e-05
0 0.9999857 1.4362946e-05
0 0.9999424 5.759648e-05
0 0.9999813 1.8764234e-05
0 0.9999796 2.0407586e-05
0 0.99998534 1.462925e-05
0 0.9051194 0.09488055
0 0.9998281 0.00017182087
0 0.9998053 0.00019476708
0 0.9995938 0.0004061948
0 0.9988035 0.0011964986
0 0.99974376 0.00025622768
0 0.99680376 0.0031962898
0 0.8794646 0.12053541
0 0.9958047 0.004195286
1 0.09053146 0.9094686
0 0.98228663 0.017713377
0 0.9996997 0.0003002669
0 0.9812029 0.01879702
0 0.99980026 0.00019969809
0 0.99996555 3.445363e-05
0 0.99995697 4.3033582e-05
0 0.9617225 0.03827756
0 0.5599829 0.4400171
0 0.68200076 0.31799927
0 0.96713823 0.032861788
0 0.9930754 0.0069245826
0 0.9990306 0.00096938614
0 0.999859 0.00014099787
0 0.99997115 2.8837449e-05
0 0.9999492 5.079669e-05
0 0.99961627 0.0003836513
0 0.9998722 0.0001277827
0 0.99997413 2.5874439e-05
0 0.99102074 0.008979231
0 0.99995375 4.621999e-05
0 0.9999453 5.4734606e-05
0 0.99997056 2.9389546e-05
0 0.9996394 0.0003606547
0 0.9999118 8.8236346e-05
0 0.987135 0.012864952
0 0.96719927 0.032800816
0 0.9999807 1.9256087e-05
0 0.99993265 6.7302426e-05
0 0.99968576 0.0003143088
0 0.99960417 0.00039590418
0 0.99931705 0.0006829095
0 0.9999678 3.2135467e-05
0 0.9999089 9.10502e-05
0 0.99993944 6.054282e-05
0 0.9999243 7.5746844e-05
0 0.99996746 3.2527096e-05
0 0.9999864 1.3612562e-05
0 0.99998474 1.5247369e-05
0 0.99998355 1.6500286e-05
0 0.99997187 2.8183798e-05
0 0.99989724 0.00010269355
0 0.99978226 0.00021780512
0 0.9999821 1.7858143e-05
0 0.9990783 0.0009216672
0 0.9999521 4.796285e-05
0 0.9999734 2.6612945e-05
0 0.99996126 3.8682938e-05
0 0.9999081 9.193663e-05
0 0.99995697 4.302131e-05
0 0.9618236 0.038176417
0 0.5881564 0.41184363
1 0.0025003455 0.99749964
1 0.044068065 0.95593196
0 0.9994326 0.00056729536
0 0.98398364 0.016016368
0 0.9949698 0.005030196
0 0.99910563 0.00089431007
0 0.9997148 0.00028521672
0 0.99968994 0.00031006697
0 0.8089893 0.19101076
0 0.97249687 0.027503215
0 0.99987817 0.00012176809
0 0.9873093 0.012690698
0 0.99992216 7.784653e-05
0 0.99988806 0.00011198363
0 0.9998386 0.00016139323
0 0.9997012 0.00029873184
0 0.99702305 0.0029769172
0 0.9997303 0.0002697406
0 0.99905354 0.00094640313
1 0.000461761 0.9995383
1 0.45648745 0.5435125
1 0.00022468015 0.99977535
1 0.00010988537 0.9998901
1 0.0001548974 0.999845
0 0.9999862 1.3851499e-05
0 0.99998426 1.575958e-05
0 0.99998534 1.4718434e-05
0 0.9995976 0.00040244227
1 0.45648745 0.5435125
0 0.9997799 0.00022011576
0 0.9996253 0.0003746161
0 0.9998357 0.00016426534
0 0.9999871 1.2870251e-05
0 0.99998474 1.5260695e-05
0 0.99998593 1.4118551e-05
0 0.9999876 1.2409721e-05
0 0.99998796 1.199939e-05
0 0.9999858 1.4172699e-05
0 0.9999875 1.2563403e-05
0 0.99998546 1.4530225e-05
0 0.99998796 1.1991084e-05
0 0.9999758 2.4218369e-05
0 0.9994103 0.00058979314
0 0.9999802 1.9801448e-05
0 0.9999813 1.8708952e-05
0 0.99998355 1.6395035e-05
0 0.99998295 1.7072092e-05
0 0.9999864 1.3564845e-05
0 0.9999875 1.2511083e-05
0 0.99998057 1.9387464e-05
0 0.9999807 1.9252524e-05
0 0.9999863 1.3768146e-05
0 0.999881 0.00011898512
0 0.9999877 1.2258281e-05
0 0.99998534 1.46305465e-05
0 0.9999877 1.222993e-05
0 0.9999858 1.4134015e-05
0 0.9999875 1.2541807e-05
0 0.9999863 1.3699947e-05
0 0.9999777 2.2329205e-05
1 0.000103531274 0.9998964
1 7.1008704e-05 0.99992895
0 0.6393259 0.36067408
1 2.8567343e-05 0.9999714
1 3.4459743e-05 0.99996555
1 2.3084485e-05 0.9999769
0 0.9999863 1.3749921e-05
0 0.9999871 1.2909994e-05
0 0.999987 1.2960967e-05
0 0.9999869 1.3171802e-05
0 0.9999865 1.34366865e-05
0 0.99998534 1.4683201e-05
0 0.99998426 1.574537e-05
0 0.9999583 4.1780415e-05
0 0.99998415 1.5878004e-05
0 0.99998677 1.3239946e-05
0 0.9999869 1.3171676e-05
0 0.99998546 1.4594261e-05
0 0.99998736 1.2631473e-05
0 0.99998736 1.2684164e-05
0 0.99998736 1.2607475e-05
0 0.6393259 0.36067408
0 0.999987 1.2993119e-05
0 0.9999862 1.3845635e-05
0 0.9999869 1.3122277e-05
0 0.9999869 1.3084887e-05
0 0.9999877 1.2236521e-05
0 0.6393259 0.36067408
0 0.9999864 1.3557874e-05
0 0.9999871 1.2852332e-05
0 0.9999877 1.2330082e-05
0 0.9999856 1.44581e-05
0 0.9999871 1.2883797e-05
0 0.99998665 1.3307366e-05
0 0.99998724 1.2797661e-05
0 0.99998736 1.2654743e-05
0 0.9999583 4.1780415e-05
1 3.451624e-05 0.9999654
1 3.8797058e-05 0.99996126
1 2.7411033e-05 0.9999726
1 2.7373206e-05 0.9999726
1 2.490944e-05 0.9999751
0 0.9999671 3.292039e-05
0 0.99996805 3.1909243e-05
0 0.9999826 1.7441775e-05
1 0.0005666804 0.99943334
1 0.0010452812 0.99895465
0 0.9852012 0.014798757
0 0.9862579 0.013742009
0 0.99519736 0.0048026573
0 0.99529725 0.0047027557
0 0.61580735 0.38419265
0 0.9957645 0.0042355377
0 0.98197204 0.018027961
0 0.9996111 0.0003889279
0 0.99839526 0.0016047141
0 0.98998123 0.010018724
0 0.9999851 1.4916019e-05
0 0.9999832 1.683957e-05
0 0.99998546 1.4486805e-05
0 0.9999474 5.2614734e-05
0 0.9999838 1.6178414e-05
0 0.99997854 2.1416743e-05
0 0.9999553 4.4718887e-05
0 0.9999839 1.6082211e-05
0 0.9998802 0.000119840144
0 0.99989045 0.000109592685
0 0.9999354 6.4661974e-05
0 0.99970895 0.00029105358
0 0.99996734 3.2610053e-05
0 0.9999697 3.0258978e-05
0 0.99715936 0.0028406098
0 0.99998415 1.589003e-05
0 0.99997604 2.3979128e-05
0 0.9999676 3.2368727e-05
0 0.999984 1.6033177e-05
0 0.99998164 1.8392746e-05
0 0.99998605 1.3892084e-05
0 0.9999753 2.4702733e-05
0 0.9999857 1.428361e-05
0 0.9999856 1.4412381e-05
0 0.9999801 1.9869374e-05
0 0.9999535 4.6534537e-05
0 0.9995733 0.00042670686
0 0.99992454 7.545681e-05
0 0.99992263 7.740063e-05
0 0.999956 4.3995733e-05
1 0.00018355374 0.9998165
1 4.589655e-05 0.9999541
1 5.531854e-05 0.9999447
1 0.00012980611 0.9998702
1 6.415561e-05 0.99993587
0 0.99998534 1.4628286e-05
0 0.99998367 1.6325434e-05
0 0.99998724 1.2759663e-05
0 0.9999839 1.6114189e-05
0 0.99994445 5.55735e-05
0 0.9988237 0.0011762629
0 0.9997993 0.00020065355
0 0.9996244 0.00037555525
0 0.99969006 0.0003099464
0 0.99998534 1.471842e-05
0 0.9999839 1.6091815e-05
0 0.999979 2.0954978e-05
0 0.99998355 1.6411854e-05
0 0.9999783 2.173957e-05
0 0.999948 5.1934083e-05
0 0.99974936 0.00025059617
0 0.9999112 8.875126e-05
0 0.9995733 0.00042670686
0 0.9999459 5.408324e-05
0 0.9999478 5.220087e-05
0 0.9999776 2.2420318e-05
0 0.9999845 1.549043e-05
0 0.9999845 1.549884e-05
0 0.9999857 1.4361274e-05
1 0.22413418 0.77586585
1 0.005691703 0.9943083
1 0.013743678 0.9862563
1 0.016939225 0.9830608
1 0.2126233 0.78737676
0 0.99880433 0.0011956288
0 0.99909854 0.00090151635
0 0.9995333 0.00046673018
0 0.9894276 0.010572313
0 0.99753666 0.0024633692
0 0.93232226 0.06767767
1 0.12132958 0.8786704
1 0.02166191 0.97833806
1 0.055701926 0.9442981
0 0.7862457 0.21375427
0 0.99972945 0.00027051347
0 0.99753666 0.0024633692
0 0.99945205 0.00054795906
0 0.97667605 0.023324013
0 0.66096115 0.33903888
0 0.9981603 0.0018396552
0 0.991277 0.008723066
1 3.8255956e-05 0.99996173
1 0.0001980382 0.99980193
0 0.99088484 0.00911514
1 0.0029458613 0.9970541
0 0.9811287 0.018871294
0 0.99973446 0.0002655552
1 0.013888784 0.9861113
1 0.00012690936 0.99987304
1 2.181246e-05 0.9999782
1 2.3820201e-05 0.99997616
0 0.99998665 1.3393228e-05
0 0.9999864 1.3584872e-05
0 0.9999856 1.43784855e-05
0 0.99998534 1.4630282e-05
0 0.99994004 6.0007467e-05
0 0.9999794 2.0573214e-05
0 0.99998367 1.6283577e-05
0 0.99988985 0.00011015435
0 0.9998591 0.00014087987
0 0.99980074 0.00019924676
1 0.00029860344 0.9997013
1 0.05528489 0.9447151
1 0.0006363798 0.9993636
1 0.00037786155 0.9996221
1 0.00057414395 0.9994259
0 0.9999845 1.5464171e-05
0 0.9999825 1.756272e-05
0 0.9999814 1.8580997e-05
0 0.9999851 1.4847044e-05
0 0.99485445 0.0051455665
0 0.9999343 6.5682936e-05
0 0.99998677 1.3277185e-05
0 0.99996173 3.831693e-05
0 0.9982158 0.0017842521
0 0.99997175 2.8271314e-05
0 0.98799896 0.012001056
0 0.9970613 0.002938719
0 0.9999778 2.2221588e-05
0 0.94509953 0.05490048
0 0.99921787 0.00078212493
0 0.9988343 0.001165701
0 0.97475976 0.025240202
0 0.9999788 2.1246697e-05
0 0.9999852 1.4831139e-05
0 0.999979 2.0924108e-05
0 0.99998367 1.6324468e-05
0 0.99998486 1.5117941e-05
1 0.101994686 0.8980053
1 0.012585489 0.98741454
0 0.9977301 0.0022700003
0 0.998966 0.0010340174
0 0.9999758 2.415959e-05
0 0.9997211 0.00027890524
0 0.99969697 0.00030307224
0 0.9935907 0.006409288
0 0.99835473 0.0016452923
0 0.99974173 0.0002583183
0 0.9999733 2.6673211e-05
0 0.999987 1.29756345e-05
0 0.9998184 0.00018168798
0 0.9998741 0.00012588777
0 0.9997874 0.0002126281
0 0.9997004 0.00029956235
0 0.9995018 0.0004981677
0 0.8651874 0.13481262
1 0.14752443 0.8524755
0 0.929467 0.07053299
0 0.98886335 0.01113665
0 0.9999583 4.166991e-05
0 0.9967894 0.0032105455
0 0.99998784 1.2205497e-05
0 0.9988777 0.00112229
0 0.999985 1.5051308e-05
0 0.9997328 0.00026724194
0 0.9986279 0.0013721151
0 0.99998486 1.5140911e-05
0 0.9999771 2.2842327e-05
0 0.9999851 1.4926078e-05
0 0.9999796 2.0367146e-05
0 0.99997807 2.1978713e-05
0 0.99985504 0.00014496631
0 0.99948716 0.0005128374
1 0.03404858 0.96595144
1 0.25224698 0.747753
0 0.96435744 0.035642494
0 0.9890294 0.010970655
0 0.968781 0.03121902
1 0.066524535 0.93347543
1 0.49263045 0.5073695
0 0.76809937 0.23190062
0 0.9637787 0.03622133
0 0.7460217 0.25397828
0 0.99998796 1.2069261e-05
0 0.9999865 1.3527538e-05
0 0.99998784 1.21502035e-05
0 0.99998724 1.2708548e-05
0 0.99998784 1.2156683e-05
0 0.99998724 1.2784195e-05
0 0.99998486 1.5191622e-05
0 0.99990296 9.698843e-05
0 0.9999875 1.2510939e-05
0 0.9999869 1.31250545e-05
0 0.9999881 1.1929606e-05
0 0.9999881 1.1929527e-05
0 0.9999875 1.2536617e-05
0 0.9999871 1.2925789e-05
0 0.99998665 1.3387342e-05
0 0.99998546 1.4589683e-05
0 0.9999876 1.2340939e-05
0 0.9999877 1.2303477e-05
0 0.99998 2.0063842e-05
0 0.999987 1.2957679e-05
0 0.99998784 1.2174619e-05
0 0.99998 1.9999101e-05
0 0.9999839 1.603498e-05
0 0.9999845 1.5451302e-05
0 0.9999875 1.2508112e-05
0 0.9999858 1.4221916e-05
0 0.9696362 0.030363753
1 0.108599514 0.89140046
1 0.056106262 0.94389373
1 0.13490218 0.8650978
1 0.018033035 0.981967
0 0.999974 2.5978628e-05
0 0.9999198 8.018322e-05
0 0.99997425 2.5764153e-05
0 0.9999819 1.8151963e-05
0 0.99997735 2.2670323e-05
0 0.999861 0.00013902335
0 0.9977022 0.002297853
0 0.9999224 7.7558e-05
0 0.9999838 1.626466e-05
0 0.99998033 1.9716033e-05
0 0.97869295 0.021307105
0 0.72680175 0.27319828
1 0.013780083 0.9862199
0 0.72680175 0.27319828
1 0.099245295 0.9007547
1 0.010116817 0.98988324
0 0.87089664 0.12910333
0 0.9999784 2.1573436e-05
0 0.9999633 3.6677433e-05
1 0.03944438 0.9605556
1 0.010998924 0.98900104
1 0.045141645 0.9548583
1 0.012653007 0.987347
1 0.041528974 0.958471
0 0.9989281 0.0010718554
0 0.9999703 2.9688852e-05
0 0.9999672 3.2744832e-05
0 0.9997429 0.00025709296
1 0.25153443 0.74846554
0 0.6060918 0.3939082
1 0.18598865 0.8140114
1 0.23656183 0.76343817
1 0.06268583 0.9373142
0 0.9995161 0.00048386728
0 0.9999796 2.040272e-05
0 0.99996555 3.439467e-05
1 0.002483791 0.9975163
1 0.0021382356 0.9978618
1 0.008300307 0.9916997
1 0.0031879565 0.99681205
1 0.00010355063 0.9998964
0 0.9626979 0.037302036
0 0.9620641 0.03793591
1 0.028544473 0.9714556
1 0.036154382 0.9638457
0 0.89458025 0.10541978
0 0.9139147 0.08608538
0 0.7626668 0.23733318
1 0.14558761 0.8544124
1 0.41748106 0.58251894
1 0.013612406 0.9863876
1 0.47960526 0.52039474
1 0.00022499246 0.999775
1 0.0004447351 0.9995553
1 0.00015932048 0.9998406
0 0.97888535 0.02111466
1 0.47960526 0.52039474
0 0.9956868 0.0043131886
0 0.999678 0.00032201872
0 0.9995834 0.00041652363
0 0.99996006 3.9991508e-05
0 0.99996805 3.194986e-05
0 0.9999683 3.174477e-05
0 0.99998116 1.880748e-05
0 0.9999635 3.650276e-05
0 0.99527645 0.004723496
0 0.9982345 0.0017655258
0 0.9989648 0.0010352131
0 0.999841 0.00015895432
1 0.014632821 0.9853672
1 0.08181113 0.9181888
1 0.40888584 0.5911141
1 0.21106437 0.7889356
1 0.033659305 0.96634066
1 0.20334576 0.7966542
0 0.7339647 0.2660353
1 0.15272665 0.84727335
1 0.083911054 0.91608894
0 0.99993074 6.925009e-05
0 0.999948 5.1931063e-05
0 0.9999478 5.22424e-05
0 0.99991953 8.04111e-05
0 0.99987626 0.00012368482
0 0.9999714 2.8596289e-05
0 0.85814154 0.14185846
0 0.9440098 0.055990208
0 0.9999771 2.292036e-05
0 0.9999722 2.7832331e-05
0 0.9996995 0.00030056507
0 0.9998553 0.00014465726
0 0.99997365 2.6291314e-05
0 0.99993134 6.86045e-05
0 0.99993896 6.100815e-05
0 0.99988544 0.00011459184
0 0.9991084 0.00089158193
0 0.9922989 0.0077011255
0 0.9978538 0.0021461966
1 0.005577063 0.994423
1 0.0014771944 0.9985228
0 0.9999356 6.430936e-05
0 0.9999138 8.619137e-05
0 0.999962 3.8080732e-05
0 0.99998164 1.8359555e-05
0 0.9999739 2.6064514e-05
0 0.99997246 2.7595865e-05
0 0.9996861 0.00031388
0 0.9998878 0.0001121422
0 0.99995434 4.561737e-05
0 0.9999424 5.7588026e-05
0 0.9999149 8.515051e-05
0 0.99996984 3.010275e-05
0 0.99996006 3.9888633e-05
0 0.99997604 2.4019067e-05
0 0.99997306 2.6929156e-05
0 0.9999777 2.2238206e-05
1 0.33840805 0.66159195
1 0.08073943 0.9192606
0 0.81581056 0.18418945
0 0.9951933 0.004806615
0 0.9996469 0.00035303598
0 0.99833775 0.0016622291
1 0.015497266 0.98450273
1 0.020931944 0.97906804
1 0.15170509 0.8482949
0 0.98515 0.014850104
0 0.977532 0.022468027
1 0.00019690565 0.9998031
1 0.00019768898 0.9998023
1 0.00066424726 0.9993357
1 0.0013044688 0.99869555
1 7.2055285e-05 0.999928
0 0.9991242 0.00087580143
0 0.99986875 0.00013126241
0 0.99997866 2.1343934e-05
0 0.99931633 0.00068365154
0 0.99993396 6.6062225e-05
0 0.9999852 1.4731984e-05
0 0.9999802 1.9786741e-05
0 0.9999789 2.113823e-05
0 0.9999751 2.4954901e-05
0 0.9994343 0.0005656384
1 0.0079734 0.9920266
1 0.30921385 0.6907861
0 0.7908603 0.2091397
0 0.970237 0.029763043
0 0.9657529 0.034247115
0 0.7444863 0.25551373
0 0.97964406 0.020355862
0 0.9993136 0.0006864576
0 0.9997718 0.0002281814
0 0.99981755 0.00018245356
0 0.9997582 0.00024178796
0 0.99994874 5.120445e-05
0 0.9998362 0.00016373675
0 0.9997452 0.00025474664
0 0.9991679 0.0008321564
0 0.99831796 0.0016820824
0 0.9997247 0.00027534817
0 0.99916244 0.0008375675
0 0.99809676 0.0019032068
0 0.9997553 0.0002446528
0 0.9996166 0.00038337638
0 0.9998109 0.00018912753
0 0.9970005 0.002999408
0 0.9938356 0.006164393
0 0.99981695 0.000183075
0 0.9995402 0.00045978537
0 0.9986425 0.0013575198
0 0.99895525 0.0010447631
0 0.91057783 0.089422226
1 0.008020678 0.99197936
1 0.008400664 0.9915993
1 0.009147568 0.9908524
1 0.0345108 0.96548927
0 0.9999033 9.661385e-05
0 0.9999074 9.267159e-05
0 0.99997723 2.2749262e-05
0 0.9999424 5.762923e-05
0 0.99994147 5.8526428e-05
0 0.9999559 4.413811e-05
0 0.99995255 4.7451125e-05
0 0.9999542 4.5806042e-05
0 0.9999454 5.461297e-05
0 0.9999627 3.733314e-05
0 0.99995816 4.189923e-05
0 0.9999356 6.434862e-05
0 0.99990296 9.697179e-05
0 0.99988437 0.00011563275
0 0.99993265 6.734923e-05
0 0.9994779 0.0005221076
0 0.9946871 0.005312926
0 0.99790406 0.0020959687
0 0.9999399 6.0105285e-05
1 0.0008671605 0.9991328
1 0.00060616963 0.9993938
1 0.0005336074 0.99946636
1 0.0026733212 0.9973266
1 0.00011431396 0.9998857
0 0.83312714 0.1668729
0 0.9472907 0.05270928
1 0.27079582 0.7292042
1 0.045385294 0.9546147
0 0.78386384 0.21613616
0 0.75699294 0.2430071
1 0.34494254 0.65505743
1 0.077481925 0.9225181
0 0.52689976 0.4731002
0 0.9995509 0.00044910415
0 0.996503 0.0034970439
0 0.9957152 0.0042847316
0 0.9950777 0.004922226
0 0.9995208 0.00047925822
0 0.99971634 0.00028369584
0 0.9999112 8.880706e-05
0 0.99977833 0.0002216447
0 0.99993706 6.289633e-05
0 0.9998159 0.00018415661
0 0.99446243 0.005537535
0 0.99805486 0.0019452134
0 0.99857926 0.0014207629
0 0.9944508 0.0055491636
0 0.9988825 0.0011175324
1 0.004489429 0.9955106
1 0.028659785 0.97134024
1 0.0021042558 0.9978957
1 3.9921968e-05 0.99996006
1 3.5183974e-05 0.99996483
1 3.8724535e-05 0.99996126
1 0.00028667634 0.99971324
1 0.00020942272 0.9997906
0 0.99998283 1.7178543e-05
0 0.99990463 9.5371164e-05
0 0.9998927 0.00010730801
0 0.99981517 0.0001848792
0 0.9999784 2.1555092e-05
0 0.99998534 1.4638042e-05
0 0.9999832 1.6840599e-05
0 0.9999876 1.2356001e-05
0 0.99998784 1.220764e-05
0 0.99998736 1.2593176e-05
0 0.9999876 1.2341974e-05
1 0.0003844088 0.99961555
1 0.00021955988 0.9997805
0 0.99998045 1.952365e-05
0 0.9999864 1.3584056e-05
0 0.9999689 3.1159158e-05
0 0.9999652 3.475379e-05
0 0.9999826 1.7368144e-05
0 0.9999863 1.3663909e-05
0 0.999982 1.8019278e-05
0 0.9999864 1.3615107e-05
0 0.9999839 1.6130072e-05
0 0.9999801 1.9873447e-05
0 0.99998736 1.2578339e-05
0 0.9999833 1.6710983e-05
0 0.9999701 2.9979794e-05
0 0.9999615 3.8453207e-05
1 7.404446e-05 0.999926
1 0.010591564 0.9894084
1 0.003569512 0.9964306
1 0.0005047534 0.99949527
0 0.9987074 0.0012926396
0 0.9929811 0.0070189303
0 0.9999757 2.432686e-05
0 0.99995863 4.130895e-05
1 5.190374e-05 0.99994814
1 3.3951757e-05 0.999966
1 2.2515815e-05 0.99997747
1 2.967679e-05 0.9999703
1 2.3591892e-05 0.9999764
0 0.9999838 1.6198732e-05
0 0.99998534 1.4674242e-05
0 0.9999796 2.0357533e-05
0 0.9999844 1.5647323e-05
0 0.99997985 2.0171934e-05
0 0.99998724 1.2743051e-05
0 0.999987 1.2956023e-05
0 0.9999865 1.3512838e-05
0 0.99998665 1.3300019e-05
0 0.9999871 1.2839725e-05
0 0.99998736 1.2645273e-05
0 0.99998736 1.2579036e-05
0 0.9999862 1.3792051e-05
0 0.99998486 1.5187913e-05
0 0.9999864 1.3594243e-05
0 0.9999877 1.2265332e-05
0 0.9999863 1.3695976e-05
0 0.99998593 1.40484135e-05
0 0.99998677 1.3268969e-05
0 0.9999857 1.4305899e-05
0 0.9999857 1.43117395e-05
0 0.99998677 1.3268792e-05
0 0.9999852 1.4779618e-05
0 0.99998534 1.4708092e-05
0 0.99998593 1.4069034e-05
0 0.9999851 1.4952407e-05
0 0.9999691 3.0824176e-05
0 0.99998677 1.3214705e-05
0 0.9999862 1.3823364e-05
0 0.99998367 1.629585e-05
0 0.99998546 1.4495678e-05
0 0.99998534 1.4636255e-05
0 0.999985 1.5056217e-05
0 0.9999844 1.5576557e-05
0 0.999987 1.3021091e-05
0 0.99998677 1.320828e-05
0 0.99998724 1.27178e-05
0 0.99998605 1.3893793e-05
0 0.9999521 4.793587e-05
0 0.9999869 1.30943245e-05
1 0.0024328225 0.9975672
1 0.0011434675 0.99885654
1 0.0033367882 0.99666315
1 0.003551081 0.9964489
1 0.000726715 0.99927324
0 0.9999348 6.522578e-05
0 0.9955531 0.00444691
0 0.9999875 1.2571206e-05
0 0.9999794 2.0633259e-05
0 0.9999875 1.2492268e-05
0 0.9999875 1.2487349e-05
0 0.9999875 1.2517456e-05
0 0.99997807 2.1967733e-05
0 0.99983454 0.00016547706
0 0.9999348 6.518512e-05
0 0.9999422 5.7868117e-05
0 0.9999517 4.8298643e-05
0 0.999813 0.00018702957
0 0.9955531 0.00444691
0 0.9999521 4.7978403e-05
0 0.9999782 2.1862024e-05
0 0.9993469 0.00065305387
0 0.9999876 1.2396781e-05
0 0.99998224 1.7745877e-05
0 0.9999876 1.2363321e-05
0 0.99998736 1.260269e-05
0 0.99998665 1.3369544e-05
0 0.9999474 5.250982e-05
0 0.9989328 0.0010672326
0 0.99993587 6.41243e-05
0 0.9999814 1.863594e-05
0 0.9999149 8.5112595e-05
1 0.014366237 0.9856338
1 0.049478956 0.95052105
1 0.00059882976 0.9994012
1 0.00050244306 0.99949753
1 0.0006010532 0.99939895
1 0.42452165 0.5754783
1 0.2574995 0.7425005
1 0.33500955 0.6649905
1 0.15522838 0.8447717
0 0.72934335 0.27065662
0 0.65893847 0.3410615
1 0.34069732 0.6593027
1 0.4696403 0.5303597
1 0.11384433 0.88615566
0 0.96987545 0.030124512
1 0.44412854 0.5558715
1 0.35022396 0.64977604
0 0.99129665 0.008703308
0 0.9995647 0.0004352688
0 0.999949 5.1051644e-05
0 0.9999522 4.7830752e-05
0 0.9999486 5.1374118e-05
0 0.9999517 4.830592e-05
0 0.99995697 4.3001044e-05
0 0.9999778 2.212531e-05
0 0.9999721 2.7872755e-05
0 0.99992394 7.600529e-05
0 0.9999701 2.9876303e-05
0 0.9999243 7.569702e-05
0 0.9810656 0.01893446
0 0.9999864 1.3648099e-05
0 0.9999088 9.114845e-05
0 0.99992156 7.848204e-05
0 0.9999739 2.612531e-05
0 0.9999813 1.8735534e-05
0 0.99996996 3.0066747e-05
0 0.99871874 0.0012812279
0 0.99997103 2.9003397e-05
0 0.9999783 2.1686476e-05
0 0.9999851 1.49602665e-05
0 0.9999833 1.663204e-05
0 0.9999845 1.5493135e-05
0 0.9999738 2.6166425e-05
0 0.9999789 2.1134803e-05
0 0.999982 1.7967783e-05
0 0.99998665 1.3323644e-05
0 0.9999871 1.286376e-05
0 0.998769 0.001230946
0 0.9999622 3.780602e-05
0 0.9999294 7.059954e-05
0 0.9999374 6.25715e-05
1 0.12720878 0.87279123
1 0.000776424 0.9992236
1 0.0016416586 0.9983583
1 0.005661465 0.9943386
1 0.008181477 0.99181855
0 0.99998665 1.3294998e-05
0 0.9999838 1.6219723e-05
1 4.5463636e-05 0.9999546
1 4.5101508e-05 0.99995494
1 5.092619e-05 0.9999491
1 4.6574976e-05 0.9999534
1 3.578433e-05 0.99996424
0 0.99972504 0.00027497276
0 0.9999286 7.137217e-05
0 0.99997175 2.8283179e-05
0 0.99997795 2.2001654e-05
0 0.9999833 1.6735348e-05
0 0.9999871 1.28724e-05
0 0.9999857 1.4340991e-05
0 0.999987 1.303293e-05
0 0.9999857 1.4340991e-05
0 0.999961 3.893701e-05
0 0.9999857 1.4340991e-05
1 4.6674617e-05 0.99995327
1 0.00027160562 0.9997284
1 0.00019198222 0.999808
1 4.9048907e-05 0.999951
0 0.99991274 8.7231485e-05
0 0.99998677 1.3269184e-05
0 0.99998534 1.467977e-05
0 0.9999753 2.4618586e-05
0 0.9999857 1.4357714e-05
0 0.9999877 1.2323969e-05
0 0.9999659 3.4109384e-05
0 0.99997175 2.82274e-05
0 0.99998033 1.9697294e-05
1 0.0133875515 0.98661244
1 0.0005326308 0.99946743
1 0.0014512119 0.9985488
1 0.00018895397 0.9998111
1 8.70207e-05 0.999913
0 0.99921095 0.00078901404
0 0.9975237 0.0024762952
1 7.740019e-05 0.99992263
1 0.12994617 0.87005377
1 5.0749823e-05 0.9999492
1 2.7926448e-05 0.9999721
1 0.00029473953 0.99970526
0 0.99956375 0.00043626496
0 0.98607916 0.013920779
0 0.99998665 1.33076455e-05
0 0.99997365 2.6351383e-05
1 0.004437201 0.9955628
1 0.004022539 0.99597746
1 0.012454016 0.987546
1 0.0026347348 0.9973653
1 0.026915552 0.97308445
0 0.7355705 0.26442954
0 0.9995881 0.00041196198
0 0.99998236 1.7700615e-05
0 0.9997776 0.00022240999
0 0.999838 0.00016196007
0 0.9999871 1.2875567e-05
0 0.9999716 2.8317774e-05
0 0.99993753 6.244703e-05
0 0.99994063 5.9320726e-05
0 0.9984487 0.0015512406
1 0.010778572 0.98922145
1 0.010367712 0.98963225
1 0.007597707 0.9924023
1 0.0028744503 0.99712557
1 0.0057225474 0.99427754
0 0.99810314 0.0018968479
0 0.99902606 0.0009739599
0 0.9999504 4.9620852e-05
0 0.99969184 0.0003081344
0 0.9999461 5.3881136e-05
0 0.9999596 4.0379557e-05
0 0.9999702 2.9820087e-05
0 0.99869365 0.0013063442
0 0.9874019 0.012598159
0 0.99973565 0.00026435728
0 0.9897169 0.010283038
0 0.99954444 0.00045552017
1 0.0007766852 0.99922335
1 0.00057353027 0.9994265
1 0.00021585329 0.9997842
1 0.00013025744 0.9998697
1 0.00087572663 0.9991242
1 0.0005181064 0.999482
1 0.0002794285 0.9997205
0 0.9806662 0.019333817
0 0.9999534 4.655202e-05
0 0.99998415 1.5875945e-05
0 0.9998118 0.00018821385
0 0.9999578 4.218107e-05
0 0.9999876 1.2358017e-05
0 0.7642623 0.23573773
1 0.08924233 0.91075766
0 0.9999609 3.914939e-05
0 0.99803084 0.0019691838
1 0.015706481 0.9842935
1 0.10905409 0.890946
1 0.0019980378 0.998002
1 0.0063110082 0.99368894
1 0.0010992064 0.9989008
0 0.8617396 0.13826048
1 0.16781911 0.83218086
1 0.0015761213 0.99842393
1 0.0005373829 0.99946266
1 0.0017832112 0.9982168
1 0.00013651115 0.9998635
1 0.00041208038 0.99958795
0 0.99998045 1.9549474e-05
0 0.9999317 6.833504e-05
0 0.9999869 1.30724775e-05
0 0.9999882 1.1785666e-05
0 0.9999819 1.8122524e-05
0 0.9999354 6.4636326e-05
0 0.9999851 1.49529915e-05
0 0.9998229 0.00017711274
0 0.9999777 2.2255286e-05
1 0.00021233795 0.9997876
1 3.8802897e-05 0.99996114
1 4.1166248e-05 0.9999589
1 0.0013986536 0.9986014
0 0.9999026 9.740747e-05
0 0.99981314 0.00018686842
0 0.9999552 4.4815028e-05
0 0.99996614 3.3912573e-05
0 0.99982697 0.00017310801
0 0.99994016 5.988462e-05
1 8.579137e-05 0.99991417
1 0.00095542875 0.9990446
1 0.00022918724 0.9997708
1 5.6645214e-05 0.9999434
1 6.5208435e-05 0.9999348
0 0.9999609 3.910238e-05
0 0.99997556 2.4444184e-05
0 0.9999838 1.6222817e-05
0 0.999982 1.7969443e-05
0 0.99997747 2.2552413e-05
0 0.9947149 0.0052851127
0 0.9574405 0.042559505
0 0.9949699 0.0050301156
0 0.9996069 0.00039310215
0 0.99495846 0.0050416123
1 2.9712473e-05 0.9999703
1 5.2861014e-05 0.9999472
1 5.357618e-05 0.9999465
1 2.2975855e-05 0.999977
1 2.9683386e-05 0.9999703
0 0.9999788 2.1186463e-05
0 0.99997103 2.9024179e-05
0 0.99966455 0.00033548925
0 0.99847394 0.0015261053
0 0.99975723 0.000242747
0 0.99993086 6.912948e-05
0 0.89177614 0.10822388
0 0.99724764 0.0027523243
0 0.9999149 8.508322e-05
0 0.99988556 0.000114468545
1 0.01721506 0.9827849
0 0.9952194 0.0047805915
1 0.22382206 0.77617794
1 0.11668934 0.8833107
1 0.0023999026 0.99760014
1 0.0044068755 0.99559313
1 0.006932011 0.993068
1 0.47366706 0.5263329
0 0.9391865 0.06081351
1 0.28880695 0.711193
0 0.96761596 0.032384116
0 0.97820055 0.021799386
0 0.9967211 0.0032788722
1 0.0025990559 0.997401
1 0.0003810419 0.9996189
1 0.0001347235 0.9998653
1 0.00015989988 0.99984
1 7.288616e-05 0.99992716
0 0.9986927 0.0013072959
0 0.9985135 0.0014865007
0 0.9999857 1.42748395e-05
0 0.9999639 3.6154415e-05
0 0.99997115 2.8797902e-05
0 0.99998 2.0067955e-05
0 0.99997985 2.0145671e-05
1 2.8640918e-05 0.9999714
1 0.00026562787 0.99973434
1 3.4786353e-05 0.9999652
1 3.9648945e-05 0.9999603
0 0.77985674 0.22014324
0 0.9999598 4.0113275e-05
0 0.9999819 1.811518e-05
0 0.999985 1.5010654e-05
0 0.9999838 1.6264303e-05
0 0.9999819 1.8124078e-05
0 0.9999776 2.2436618e-05
0 0.99998605 1.3954066e-05
0 0.99998724 1.2719473e-05
0 0.99998665 1.3350725e-05
1 0.00048473148 0.9995153
1 0.048127968 0.951872
1 4.111273e-05 0.9999589
1 7.409036e-05 0.99992585
1 0.00037919474 0.9996208
0 0.99993014 6.981043e-05
0 0.99995995 4.004314e-05
0 0.99997115 2.8895067e-05
0 0.99990237 9.759202e-05
0 0.9998381 0.0001618736
0 0.9999827 1.7335844e-05
0 0.99993384 6.61243e-05
0 0.9999802 1.984523e-05
0 0.99998534 1.4629892e-05
0 0.99997926 2.076522e-05
0 0.9999863 1.3731339e-05
0 0.9999876 1.2388933e-05
0 0.99998033 1.9642895e-05
0 0.99998796 1.2064266e-05
0 0.99998677 1.3267957e-05
0 0.9999833 1.6712798e-05
0 0.9999851 1.4861409e-05
0 0.999987 1.3016658e-05
0 0.99998677 1.318462e-05
0 0.9999871 1.2933384e-05
0 0.9999876 1.2355247e-05
1 8.125459e-05 0.9999187
1 3.165163e-05 0.9999683
1 2.6537267e-05 0.9999734
1 3.0042527e-05 0.99996996
0 0.999985 1.4977295e-05
0 0.9999807 1.9366475e-05
0 0.9998524 0.00014761549
0 0.99998736 1.26293535e-05
0 0.99998724 1.271615e-05
0 0.99998784 1.2117653e-05
0 0.99998486 1.5178414e-05
0 0.99998736 1.2663013e-05
1 0.0013293972 0.9986706
1 0.0014629323 0.99853706
1 0.0009263045 0.9990736
1 0.0005402518 0.9994598
1 0.00028282386 0.9997172
0 0.9999089 9.1077905e-05
0 0.9969073 0.0030926985
0 0.9999858 1.4176971e-05
0 0.99996746 3.2526692e-05
0 0.99998724 1.2772837e-05
0 0.9999876 1.2397572e-05
0 0.9999876 1.24222015e-05
0 0.99998033 1.9626865e-05
0 0.99996984 3.0139634e-05
0 0.9999181 8.18727e-05
0 0.999966 3.4024884e-05
0 0.9999697 3.0324989e-05
0 0.999948 5.199588e-05
0 0.9969073 0.0030926985
0 0.9999714 2.8559634e-05
0 0.9999795 2.0513266e-05
0 0.9999467 5.3225813e-05
0 0.999987 1.299582e-05
0 0.99998546 1.45623535e-05
0 0.9999875 1.2491935e-05
0 0.9999871 1.2885567e-05
0 0.999987 1.2946501e-05
0 0.9999746 2.5406973e-05
0 0.9999629 3.7124028e-05
0 0.999977 2.2951417e-05
0 0.99997926 2.0785925e-05
0 0.9999716 2.8325987e-05
1 0.0006016008 0.99939835
1 0.0034133384 0.9965867
1 0.00015745533 0.9998425
1 6.9663656e-05 0.9999304
1 5.7021665e-05 0.999943
0 0.99993 6.993336e-05
0 0.9999341 6.590605e-05
0 0.9999839 1.603859e-05
0 0.99994075 5.927244e-05
0 0.99998057 1.945002e-05
0 0.9999858 1.4133422e-05
0 0.9999852 1.4726983e-05
1 0.018100822 0.98189914
1 0.0031459467 0.9968541
1 0.069407746 0.93059224
1 0.053587258 0.94641274
1 0.001290391 0.99870956
0 0.99997747 2.2494374e-05
0 0.9999597 4.032034e-05
0 0.9999865 1.3485828e-05
0 0.9999789 2.1042973e-05
0 0.9999877 1.231127e-05
0 0.9999573 4.2615753e-05
0 0.9999838 1.620649e-05
0 0.9999666 3.3342596e-05
0 0.99997675 2.3244067e-05
0 0.999977 2.2980328e-05
0 0.99998736 1.2672134e-05
0 0.9999876 1.2376297e-05
0 0.99998796 1.1984511e-05
0 0.99998784 1.2211016e-05
0 0.9999877 1.2261121e-05
1 0.00026446418 0.99973553
1 0.0006263598 0.9993736
1 9.953156e-05 0.99990046
1 0.001684929 0.9983151
0 0.859018 0.14098194
0 0.86381114 0.13618891
0 0.5658742 0.43412575
1 0.0010812548 0.9989188
0 0.9944348 0.005565236
1 0.48316175 0.51683825
1 0.37449437 0.62550557
0 0.7388339 0.26116604
0 0.5370786 0.46292138
0 0.8711188 0.12888128
0 0.9879638 0.012036206
0 0.96476114 0.035238847
